nu dvA wA eA rpA iA dvB wB eB rpB iB
0 3530.33178 184.282097 0.7 7966.2 65.0205765 3530.33178 313.135226 0.7 7966.2 65.0205765
0.5 3505.38035 184.779774 0.7 7966.2 64.9935759 3555.11459 313.636277 0.7 7966.2 64.9935759
1 3480.53192 185.274082 0.7 7966.2 64.9667534 3580.00029 314.140707 0.7 7966.2 64.9667534
1.5 3455.78827 185.76502 0.7 7966.2 64.9401033 3604.98673 314.648515 0.7 7966.2 64.9401033
2 3431.15115 186.252591 0.7 7966.2 64.9136198 3630.07173 315.159698 0.7 7966.2 64.9136198
2.5 3406.62223 186.736795 0.7 7966.2 64.8872974 3655.25305 315.674255 0.7 7966.2 64.8872974
3 3382.20315 187.217635 0.7 7966.2 64.8611308 3680.5284 316.192183 0.7 7966.2 64.8611308
3.5 3357.89549 187.695114 0.7 7966.2 64.8351145 3705.89546 316.713479 0.7 7966.2 64.8351145
4 3333.70078 188.169235 0.7 7966.2 64.8092434 3731.35185 317.23814 0.7 7966.2 64.8092434
4.5 3309.6205 188.640003 0.7 7966.2 64.7835123 3756.89516 317.766161 0.7 7966.2 64.7835123
5 3285.65609 189.107422 0.7 7966.2 64.7579163 3782.52291 318.297538 0.7 7966.2 64.7579163
5.5 3261.80892 189.571496 0.7 7966.2 64.7324504 3808.23259 318.832266 0.7 7966.2 64.7324504
6 3238.08031 190.032231 0.7 7966.2 64.7071098 3834.02165 319.370338 0.7 7966.2 64.7071098
6.5 3214.47155 190.489633 0.7 7966.2 64.6818898 3859.88749 319.911748 0.7 7966.2 64.6818898
7 3190.98386 190.943709 0.7 7966.2 64.6567857 3885.82746 320.456491 0.7 7966.2 64.6567857
7.5 3167.61842 191.394466 0.7 7966.2 64.6317928 3911.83888 321.004557 0.7 7966.2 64.6317928
8 3144.37636 191.841911 0.7 7966.2 64.6069068 3937.91902 321.555941 0.7 7966.2 64.6069068
8.5 3121.25876 192.286053 0.7 7966.2 64.5821231 3964.06509 322.110633 0.7 7966.2 64.5821231
9 3098.26664 192.726899 0.7 7966.2 64.5574374 3990.27429 322.668625 0.7 7966.2 64.5574374
9.5 3075.40099 193.164459 0.7 7966.2 64.5328454 4016.54375 323.229907 0.7 7966.2 64.5328454
10 3052.66273 193.598743 0.7 7966.2 64.5083428 4042.87058 323.794471 0.7 7966.2 64.5083428
10.5 3030.05277 194.02976 0.7 7966.2 64.4839254 4069.25184 324.362304 0.7 7966.2 64.4839254
11 3007.57193 194.45752 0.7 7966.2 64.4595892 4095.68455 324.933398 0.7 7966.2 64.4595892
11.5 2985.221 194.882036 0.7 7966.2 64.4353299 4122.16568 325.507741 0.7 7966.2 64.4353299
12 2963.00074 195.303317 0.7 7966.2 64.4111436 4148.69219 326.085321 0.7 7966.2 64.4111436
12.5 2940.91184 195.721376 0.7 7966.2 64.3870264 4175.26098 326.666127 0.7 7966.2 64.3870264
13 2918.95495 196.136225 0.7 7966.2 64.3629741 4201.86892 327.250146 0.7 7966.2 64.3629741
13.5 2897.1307 196.547877 0.7 7966.2 64.338983 4228.51284 327.837365 0.7 7966.2 64.338983
14 2875.43965 196.956345 0.7 7966.2 64.3150493 4255.18954 328.427771 0.7 7966.2 64.3150493
14.5 2853.88232 197.361641 0.7 7966.2 64.2911689 4281.89578 329.02135 0.7 7966.2 64.2911689
15 2832.4592 197.763781 0.7 7966.2 64.2673382 4308.62831 329.618089 0.7 7966.2 64.2673382
15.5 2811.17073 198.162777 0.7 7966.2 64.2435534 4335.3838 330.217973 0.7 7966.2 64.2435534
16 2790.0173 198.558646 0.7 7966.2 64.2198108 4362.15894 330.820987 0.7 7966.2 64.2198108
16.5 2768.99929 198.951401 0.7 7966.2 64.1961066 4388.95036 331.427116 0.7 7966.2 64.1961066
17 2748.11701 199.341058 0.7 7966.2 64.1724371 4415.75467 332.036345 0.7 7966.2 64.1724371
17.5 2727.37074 199.727633 0.7 7966.2 64.1487987 4442.56843 332.648657 0.7 7966.2 64.1487987
18 2706.76074 200.111142 0.7 7966.2 64.1251878 4469.38822 333.264037 0.7 7966.2 64.1251878
18.5 2686.2872 200.491601 0.7 7966.2 64.1016007 4496.21054 333.882468 0.7 7966.2 64.1016007
19 2665.95031 200.869027 0.7 7966.2 64.0780338 4523.0319 334.503933 0.7 7966.2 64.0780338
19.5 2645.7502 201.243436 0.7 7966.2 64.0544835 4549.84877 335.128416 0.7 7966.2 64.0544835
20 2625.68697 201.614846 0.7 7966.2 64.0309462 4576.6576 335.755898 0.7 7966.2 64.0309462
20.5 2605.76069 201.983275 0.7 7966.2 64.0074183 4603.45482 336.386361 0.7 7966.2 64.0074183
21 2585.97141 202.34874 0.7 7966.2 63.9838962 4630.23683 337.019789 0.7 7966.2 63.9838962
21.5 2566.31911 202.71126 0.7 7966.2 63.9603764 4657.00003 337.656163 0.7 7966.2 63.9603764
22 2546.80379 203.070852 0.7 7966.2 63.9368553 4683.74078 338.295464 0.7 7966.2 63.9368553
22.5 2527.42537 203.427535 0.7 7966.2 63.9133293 4710.45542 338.937673 0.7 7966.2 63.9133293
23 2508.18379 203.781329 0.7 7966.2 63.8897948 4737.14029 339.582772 0.7 7966.2 63.8897948
23.5 2489.07891 204.132251 0.7 7966.2 63.8662483 4763.7917 340.230741 0.7 7966.2 63.8662483
24 2470.1106 204.480322 0.7 7966.2 63.8426861 4790.40596 340.881562 0.7 7966.2 63.8426861
24.5 2451.2787 204.82556 0.7 7966.2 63.8191047 4816.97934 341.535213 0.7 7966.2 63.8191047
25 2432.583 205.167986 0.7 7966.2 63.7955004 4843.50812 342.191677 0.7 7966.2 63.7955004
25.5 2414.02329 205.507619 0.7 7966.2 63.7718697 4869.98856 342.850931 0.7 7966.2 63.7718697
26 2395.59933 205.844479 0.7 7966.2 63.7482088 4896.41691 343.512958 0.7 7966.2 63.7482088
26.5 2377.31085 206.178586 0.7 7966.2 63.7245141 4922.78942 344.177735 0.7 7966.2 63.7245141
27 2359.15756 206.509961 0.7 7966.2 63.700782 4949.1023 344.845244 0.7 7966.2 63.700782
27.5 2341.13915 206.838624 0.7 7966.2 63.6770087 4975.35179 345.515462 0.7 7966.2 63.6770087
28 2323.25528 207.164595 0.7 7966.2 63.6531905 5001.5341 346.18837 0.7 7966.2 63.6531905
28.5 2305.50562 207.487895 0.7 7966.2 63.6293237 5027.64544 346.863946 0.7 7966.2 63.6293237
29 2287.88979 207.808545 0.7 7966.2 63.6054044 5053.68203 347.54217 0.7 7966.2 63.6054044
29.5 2270.4074 208.126566 0.7 7966.2 63.5814288 5079.64005 348.223021 0.7 7966.2 63.5814288
30 2253.05805 208.441979 0.7 7966.2 63.5573931 5105.51572 348.906477 0.7 7966.2 63.5573931
30.5 2235.84131 208.754805 0.7 7966.2 63.5332934 5131.30522 349.592517 0.7 7966.2 63.5332934
31 2218.75675 209.065064 0.7 7966.2 63.5091258 5157.00477 350.28112 0.7 7966.2 63.5091258
31.5 2201.80392 209.372779 0.7 7966.2 63.4848862 5182.61055 350.972264 0.7 7966.2 63.4848862
32 2184.98235 209.67797 0.7 7966.2 63.4605707 5208.11876 351.665929 0.7 7966.2 63.4605707
32.5 2168.29157 209.980659 0.7 7966.2 63.4361752 5233.52561 352.362092 0.7 7966.2 63.4361752
33 2151.73107 210.280867 0.7 7966.2 63.4116955 5258.8273 353.060731 0.7 7966.2 63.4116955
33.5 2135.30037 210.578616 0.7 7966.2 63.3871275 5284.02005 353.761827 0.7 7966.2 63.3871275
34 2118.99894 210.873926 0.7 7966.2 63.362467 5309.10005 354.465356 0.7 7966.2 63.362467
34.5 2102.82626 211.16682 0.7 7966.2 63.3377096 5334.06355 355.171297 0.7 7966.2 63.3377096
35 2086.7818 211.457318 0.7 7966.2 63.3128511 5358.90675 355.879628 0.7 7966.2 63.3128511
35.5 2070.86501 211.745443 0.7 7966.2 63.2878869 5383.62589 356.590329 0.7 7966.2 63.2878869
36 2055.07535 212.031215 0.7 7966.2 63.2628126 5408.21723 357.303377 0.7 7966.2 63.2628126
36.5 2039.41226 212.314656 0.7 7966.2 63.2376237 5432.677 358.01875 0.7 7966.2 63.2376237
37 2023.87518 212.595788 0.7 7966.2 63.2123154 5457.00148 358.736427 0.7 7966.2 63.2123154
37.5 2008.46354 212.874631 0.7 7966.2 63.1868832 5481.18693 359.456386 0.7 7966.2 63.1868832
38 1993.17676 213.151208 0.7 7966.2 63.161322 5505.22964 0.178606597 0.7 7966.2 63.161322
38.5 1978.01428 213.425539 0.7 7966.2 63.1356271 5529.12591 0.903066004 0.7 7966.2 63.1356271
39 1962.97549 213.697646 0.7 7966.2 63.1097935 5552.87206 1.62974309 0.7 7966.2 63.1097935
39.5 1948.05984 213.96755 0.7 7966.2 63.0838161 5576.4644 2.3586164 0.7 7966.2 63.0838161
40 1933.26671 214.235272 0.7 7966.2 63.0576897 5599.89928 3.0896645 0.7 7966.2 63.0576897
40.5 1918.59554 214.500834 0.7 7966.2 63.0314091 5623.17305 3.82286604 0.7 7966.2 63.0314091
41 1904.04573 214.764255 0.7 7966.2 63.0049687 5646.2821 4.5581997 0.7 7966.2 63.0049687
41.5 1889.61669 215.025559 0.7 7966.2 62.9783632 5669.2228 5.29564425 0.7 7966.2 62.9783632
42 1875.30784 215.284764 0.7 7966.2 62.9515868 5691.99156 6.03517851 0.7 7966.2 62.9515868
42.5 1861.11858 215.541892 0.7 7966.2 62.9246338 5714.58482 6.77678139 0.7 7966.2 62.9246338
43 1847.04834 215.796965 0.7 7966.2 62.8974984 5736.99902 7.52043186 0.7 7966.2 62.8974984
43.5 1833.09653 216.050001 0.7 7966.2 62.8701745 5759.23063 8.26610898 0.7 7966.2 62.8701745
44 1819.26258 216.301023 0.7 7966.2 62.8426559 5781.27613 9.01379189 0.7 7966.2 62.8426559
44.5 1805.5459 216.550051 0.7 7966.2 62.8149364 5803.13203 9.76345983 0.7 7966.2 62.8149364
45 1791.94594 216.797104 0.7 7966.2 62.7870095 5824.79486 10.5150921 0.7 7966.2 62.7870095
45.5 1778.46211 217.042203 0.7 7966.2 62.7588684 5846.26117 11.2686682 0.7 7966.2 62.7588684
46 1765.09387 217.285369 0.7 7966.2 62.7305066 5867.52754 12.0241676 0.7 7966.2 62.7305066
46.5 1751.84066 217.526621 0.7 7966.2 62.7019169 5888.59056 12.7815698 0.7 7966.2 62.7019169
47 1738.70194 217.765979 0.7 7966.2 62.6730922 5909.44687 13.5408548 0.7 7966.2 62.6730922
47.5 1725.67717 218.003463 0.7 7966.2 62.6440253 5930.09311 14.3020022 0.7 7966.2 62.6440253
48 1712.76581 218.239093 0.7 7966.2 62.6147085 5950.52594 15.064992 0.7 7966.2 62.6147085
48.5 1699.96735 218.472889 0.7 7966.2 62.5851341 5970.74208 15.8298043 0.7 7966.2 62.5851341
49 1687.28129 218.704869 0.7 7966.2 62.5552942 5990.73825 16.5964193 0.7 7966.2 62.5552942
49.5 1674.70711 218.935054 0.7 7966.2 62.5251805 6010.51119 17.3648172 0.7 7966.2 62.5251805
50 1662.24433 219.163462 0.7 7966.2 62.4947847 6030.0577 18.1349784 0.7 7966.2 62.4947847
50.5 1649.89248 219.390112 0.7 7966.2 62.4640981 6049.37457 18.9068835 0.7 7966.2 62.4640981
51 1637.65109 219.615024 0.7 7966.2 62.4331118 6068.45865 19.6805132 0.7 7966.2 62.4331118
51.5 1625.51972 219.838216 0.7 7966.2 62.4018165 6087.3068 20.4558481 0.7 7966.2 62.4018165
52 1613.49792 220.059707 0.7 7966.2 62.3702029 6105.91592 21.2328692 0.7 7966.2 62.3702029
52.5 1601.58527 220.279515 0.7 7966.2 62.3382611 6124.28293 22.0115575 0.7 7966.2 62.3382611
53 1589.78138 220.497658 0.7 7966.2 62.3059812 6142.40479 22.7918943 0.7 7966.2 62.3059812
53.5 1578.08586 220.714156 0.7 7966.2 62.2733527 6160.27848 23.5738606 0.7 7966.2 62.2733527
54 1566.49832 220.929026 0.7 7966.2 62.240365 6177.90103 24.357438 0.7 7966.2 62.240365
54.5 1555.01844 221.142285 0.7 7966.2 62.2070069 6195.26948 25.142608 0.7 7966.2 62.2070069
55 1543.64586 221.353953 0.7 7966.2 62.1732671 6212.38091 25.9293522 0.7 7966.2 62.1732671
55.5 1532.38028 221.564046 0.7 7966.2 62.1391337 6229.23245 26.7176525 0.7 7966.2 62.1391337
56 1521.22142 221.772581 0.7 7966.2 62.1045947 6245.82123 27.5074907 0.7 7966.2 62.1045947
56.5 1510.169 221.979577 0.7 7966.2 62.0696373 6262.14444 28.298849 0.7 7966.2 62.0696373
57 1499.22277 222.185051 0.7 7966.2 62.0342486 6278.19929 29.0917095 0.7 7966.2 62.0342486
57.5 1488.38253 222.389019 0.7 7966.2 61.998415 6293.98304 29.8860546 0.7 7966.2 61.998415
58 1477.64807 222.591498 0.7 7966.2 61.9621225 6309.49297 30.6818666 0.7 7966.2 61.9621225
58.5 1467.01924 222.792505 0.7 7966.2 61.9253567 6324.7264 31.4791282 0.7 7966.2 61.9253567
59 1456.49589 222.992058 0.7 7966.2 61.8881026 6339.68069 32.2778221 0.7 7966.2 61.8881026
59.5 1446.07791 223.190171 0.7 7966.2 61.8503447 6354.35322 33.0779311 0.7 7966.2 61.8503447
60 1435.76524 223.386862 0.7 7966.2 61.8120667 6368.74143 33.8794381 0.7 7966.2 61.8120667
60.5 1425.55782 223.582146 0.7 7966.2 61.773252 6382.84278 34.6823264 0.7 7966.2 61.773252
61 1415.45566 223.77604 0.7 7966.2 61.7338832 6396.65478 35.486579 0.7 7966.2 61.7338832
61.5 1405.45877 223.968559 0.7 7966.2 61.6939422 6410.17496 36.2921794 0.7 7966.2 61.6939422
62 1395.56723 224.159719 0.7 7966.2 61.6534104 6423.40091 37.0991111 0.7 7966.2 61.6534104
62.5 1385.78114 224.349535 0.7 7966.2 61.6122682 6436.33025 37.9073575 0.7 7966.2 61.6122682
63 1376.10066 224.538023 0.7 7966.2 61.5704954 6448.96063 38.7169024 0.7 7966.2 61.5704954
63.5 1366.52596 224.725198 0.7 7966.2 61.5280709 6461.28975 39.5277298 0.7 7966.2 61.5280709
64 1357.0573 224.911075 0.7 7966.2 61.4849727 6473.31535 40.3398234 0.7 7966.2 61.4849727
64.5 1347.69497 225.095669 0.7 7966.2 61.441178 6485.03521 41.1531675 0.7 7966.2 61.441178
65 1338.4393 225.278994 0.7 7966.2 61.3966631 6496.44714 41.9677462 0.7 7966.2 61.3966631
65.5 1329.29069 225.461065 0.7 7966.2 61.351403 6507.54902 42.7835437 0.7 7966.2 61.351403
66 1320.2496 225.641897 0.7 7966.2 61.305372 6518.33875 43.6005446 0.7 7966.2 61.305372
66.5 1311.31653 225.821503 0.7 7966.2 61.258543 6528.81427 44.4187334 0.7 7966.2 61.258543
67 1302.49208 225.999898 0.7 7966.2 61.2108878 6538.97358 45.2380946 0.7 7966.2 61.2108878
67.5 1293.77689 226.177095 0.7 7966.2 61.162377 6548.81471 46.058613 0.7 7966.2 61.162377
68 1285.17168 226.353108 0.7 7966.2 61.1129798 6558.33576 46.8802735 0.7 7966.2 61.1129798
68.5 1276.67724 226.527951 0.7 7966.2 61.062664 6567.53483 47.703061 0.7 7966.2 61.062664
69 1268.29446 226.701637 0.7 7966.2 61.011396 6576.41012 48.5269605 0.7 7966.2 61.011396
69.5 1260.02429 226.874179 0.7 7966.2 60.9591405 6584.95984 49.3519572 0.7 7966.2 60.9591405
70 1251.8678 227.04559 0.7 7966.2 60.9058607 6593.18227 50.1780362 0.7 7966.2 60.9058607
70.5 1243.82614 227.215884 0.7 7966.2 60.8515178 6601.07572 51.005183 0.7 7966.2 60.8515178
71 1235.90056 227.385073 0.7 7966.2 60.7960712 6608.63856 51.8333828 0.7 7966.2 60.7960712
71.5 1228.09244 227.553169 0.7 7966.2 60.7394785 6615.86923 52.6626211 0.7 7966.2 60.7394785
72 1220.40325 227.720185 0.7 7966.2 60.6816948 6622.76619 53.4928835 0.7 7966.2 60.6816948
72.5 1212.83461 227.886132 0.7 7966.2 60.6226733 6629.32798 54.3241556 0.7 7966.2 60.6226733
73 1205.38825 228.051024 0.7 7966.2 60.5623647 6635.55317 55.156423 0.7 7966.2 60.5623647
73.5 1198.06607 228.214871 0.7 7966.2 60.5007169 6641.44042 55.9896715 0.7 7966.2 60.5007169
74 1190.8701 228.377686 0.7 7966.2 60.4376752 6646.98842 56.8238869 0.7 7966.2 60.4376752
74.5 1183.80255 228.53948 0.7 7966.2 60.3731823 6652.19593 57.659055 0.7 7966.2 60.3731823
75 1176.86579 228.700263 0.7 7966.2 60.3071772 6657.06178 58.4951617 0.7 7966.2 60.3071772
75.5 1170.06239 228.860048 0.7 7966.2 60.239596 6661.58486 59.3321929 0.7 7966.2 60.239596
76 1163.39512 229.018845 0.7 7966.2 60.170371 6665.76411 60.1701345 0.7 7966.2 60.170371
76.5 1156.86696 229.176664 0.7 7966.2 60.0994309 6669.59856 61.0089726 0.7 7966.2 60.0994309
77 1150.48113 229.333517 0.7 7966.2 60.0267 6673.08731 61.848693 0.7 7966.2 60.0267
77.5 1144.2411 229.489413 0.7 7966.2 59.9520985 6676.22953 62.6892818 0.7 7966.2 59.9520985
78 1138.15061 229.644362 0.7 7966.2 59.8755417 6679.02445 63.530725 0.7 7966.2 59.8755417
78.5 1132.2137 229.798374 0.7 7966.2 59.7969399 6681.47142 64.3730085 0.7 7966.2 59.7969399
79 1126.43471 229.951459 0.7 7966.2 59.7161978 6683.56984 65.2161182 0.7 7966.2 59.7161978
79.5 1120.81835 230.103626 0.7 7966.2 59.6332143 6685.31921 66.0600401 0.7 7966.2 59.6332143
80 1115.36967 230.254884 0.7 7966.2 59.5478821 6686.71914 66.9047601 0.7 7966.2 59.5478821
80.5 1110.09414 230.405242 0.7 7966.2 59.4600867 6687.76933 67.7502638 0.7 7966.2 59.4600867
81 1104.99766 230.554708 0.7 7966.2 59.3697064 6688.46957 68.596537 0.7 7966.2 59.3697064
81.5 1100.08661 230.703291 0.7 7966.2 59.2766114 6688.81978 69.4435654 0.7 7966.2 59.2766114
82 1095.36789 230.850998 0.7 7966.2 59.1806633 6688.82 70.2913344 0.7 7966.2 59.1806633
82.5 1090.84894 230.997838 0.7 7966.2 59.081714 6688.4704 71.1398295 0.7 7966.2 59.081714
83 1086.53785 231.143817 0.7 7966.2 58.9796055 6687.77128 71.9890358 0.7 7966.2 58.9796055
83.5 1082.44336 231.288942 0.7 7966.2 58.8741682 6686.72308 72.8389384 0.7 7966.2 58.8741682
84 1078.57493 231.433221 0.7 7966.2 58.7652206 6685.32642 73.6895221 0.7 7966.2 58.7652206
84.5 1074.94286 231.576658 0.7 7966.2 58.6525677 6683.58209 74.5407716 0.7 7966.2 58.6525677
85 1071.5583 231.71926 0.7 7966.2 58.5360003 6681.49104 75.3926711 0.7 7966.2 58.5360003
85.5 1068.43339 231.861032 0.7 7966.2 58.4152928 6679.05446 76.2452049 0.7 7966.2 58.4152928
86 1065.58133 232.001979 0.7 7966.2 58.2902025 6676.27374 77.0983565 0.7 7966.2 58.2902025
86.5 1063.0165 232.142105 0.7 7966.2 58.1604675 6673.15053 77.9521093 0.7 7966.2 58.1604675
87 1060.75457 232.281413 0.7 7966.2 58.0258046 6669.68674 78.8064463 0.7 7966.2 58.0258046
87.5 1058.81267 232.419907 0.7 7966.2 57.8859075 6665.88459 79.6613499 0.7 7966.2 57.8859075
88 1057.20949 232.557589 0.7 7966.2 57.7404441 6661.74662 80.516802 0.7 7966.2 57.7404441
88.5 1055.96552 232.69446 0.7 7966.2 57.589054 6657.27573 81.3727838 0.7 7966.2 57.589054
89 1055.10318 232.830522 0.7 7966.2 57.4313451 6652.47526 82.229276 0.7 7966.2 57.4313451
89.5 1054.64711 232.965773 0.7 7966.2 57.2668904 6647.34898 83.0862585 0.7 7966.2 57.2668904
90 1054.62438 233.100214 0.7 7966.2 57.0952238 6641.90119 83.9437101 0.7 7966.2 57.0952238
90.5 1055.06479 233.233841 0.7 7966.2 56.9158355 6636.13678 84.8016089 0.7 7966.2 56.9158355
91 1056.0012 233.366651 0.7 7966.2 56.7281672 6630.06129 85.6599318 0.7 7966.2 56.7281672
91.5 1057.46993 233.498639 0.7 7966.2 56.5316058 6623.68102 86.5186543 0.7 7966.2 56.5316058
92 1059.51116 233.629799 0.7 7966.2 56.3254765 6617.00313 87.3777508 0.7 7966.2 56.3254765
92.5 1062.16946 233.760122 0.7 7966.2 56.1090352 6610.03577 88.2371937 0.7 7966.2 56.1090352
93 1065.49433 233.889599 0.7 7966.2 55.8814596 6602.7882 89.0969539 0.7 7966.2 55.8814596
93.5 1069.54092 234.018217 0.7 7966.2 55.6418379 6595.27101 89.957 0.7 7966.2 55.6418379
94 1074.37076 234.145962 0.7 7966.2 55.3891574 6587.49633 90.8172982 0.7 7966.2 55.3891574
94.5 1080.0527 234.272815 0.7 7966.2 55.1222895 6579.47802 91.6778121 0.7 7966.2 55.1222895
95 1086.66393 234.398755 0.7 7966.2 54.8399733 6571.23204 92.538502 0.7 7966.2 54.8399733
95.5 1094.29127 234.523759 0.7 7966.2 54.5407953 6562.77681 93.3993245 0.7 7966.2 54.5407953
96 1103.0326 234.647797 0.7 7966.2 54.2231664 6554.13361 94.2602322 0.7 7966.2 54.2231664
96.5 1112.99861 234.770835 0.7 7966.2 53.885294 6545.32717 95.1211726 0.7 7966.2 53.885294
97 1124.31489 234.892833 0.7 7966.2 53.5251482 6536.38633 95.9820873 0.7 7966.2 53.5251482
97.5 1137.12436 235.013745 0.7 7966.2 53.1404224 6527.34486 96.8429115 0.7 7966.2 53.1404224
98 1151.59028 235.133516 0.7 7966.2 52.7284849 6518.24247 97.7035721 0.7 7966.2 52.7284849
98.5 1167.8998 235.252081 0.7 7966.2 52.2863206 6509.12614 98.5639867 0.7 7966.2 52.2863206
99 1186.26833 235.369366 0.7 7966.2 51.8104595 6500.05172 99.4240616 0.7 7966.2 51.8104595
99.5 1206.94484 235.48528 0.7 7966.2 51.2968896 6491.08595 100.28369 0.7 7966.2 51.2968896
100 1230.2184 235.59972 0.7 7966.2 50.7409489 6482.30914 101.142748 0.7 7966.2 50.7409489
100.5 1256.42619 235.712559 0.7 7966.2 50.1371913 6473.81852 102.001093 0.7 7966.2 50.1371913
101 1285.96353 235.823649 0.7 7966.2 49.4792189 6465.73265 102.858558 0.7 7966.2 49.4792189
101.5 1319.29642 235.932811 0.7 7966.2 48.7594707 6458.19712 103.714946 0.7 7966.2 48.7594707
102 1356.97721 236.039829 0.7 7966.2 47.9689549 6451.39218 104.570023 0.7 7966.2 47.9689549
102.5 1399.66458 236.144442 0.7 7966.2 47.0969057 6445.54283 105.423511 0.7 7966.2 47.0969057
103 1448.14892 236.24633 0.7 7966.2 46.1303426 6440.9324 106.275072 0.7 7966.2 46.1303426
103.5 1503.38478 236.3451 0.7 7966.2 45.0534982 6437.921 107.124294 0.7 7966.2 45.0534982
104 1566.53263 236.440263 0.7 7966.2 43.8470712 6436.97072 107.970671 0.7 7966.2 43.8470712
104.5 1639.0126 236.531206 0.7 7966.2 42.4872453 6438.68045 108.813572 0.7 7966.2 42.4872453
105 1722.5735 236.617152 0.7 7966.2 40.944396 6443.83419 109.652203 0.7 7966.2 40.944396
105.5 1819.38102 236.697108 0.7 7966.2 39.1813834 6453.46836 110.485551 0.7 7966.2 39.1813834
106 1932.12824 236.769787 0.7 7966.2 37.1513065 6468.96568 111.312313 0.7 7966.2 37.1513065
106.5 2064.16925 236.833502 0.7 7966.2 34.794591 6492.18457 112.130784 0.7 7966.2 34.794591
107 2219.6685 236.886019 0.7 7966.2 32.0353223 6525.63368 112.938711 0.7 7966.2 32.0353223
107.5 2403.73796 236.92434 0.7 7966.2 28.7769288 6572.69444 113.73308 0.7 7966.2 28.7769288
108 2622.48785 236.944418 0.7 7966.2 24.8978525 6637.87117 114.509823 0.7 7966.2 24.8978525
108.5 2882.8202 236.940757 0.7 7966.2 20.2491444 6726.98167 115.263429 0.7 7966.2 20.2491444
109 3191.62082 236.905941 0.7 7966.2 14.6586703 6847.0487 115.986461 0.7 7966.2 14.6586703
109.5 3553.77571 236.830159 0.7 7966.2 7.95136919 7005.3751 116.669093 0.7 7966.2 7.95136919
110 nan nan nan nan nan nan nan nan nan nan
110.5 5931.32906 242.13817 0.7 7966.2 170.81629 8433.05955 123.495551 0.7 7966.2 170.81629
111 5489.43755 241.655908 0.7 7966.2 160.658142 8112.30078 123.773285 0.7 7966.2 160.658142
111.5 4991.0735 241.263473 0.7 7966.2 150.065247 7766.75997 124.141339 0.7 7966.2 150.065247
112 4470.4577 240.962061 0.7 7966.2 139.729684 7424.9327 124.600886 0.7 7966.2 139.729684
112.5 3966.30918 240.744336 0.7 7966.2 130.251291 7113.77805 125.144575 0.7 7966.2 130.251291
113 3507.43126 240.597427 0.7 7966.2 121.964699 6848.55278 125.759514 0.7 7966.2 121.964699
113.5 3107.20347 240.506997 0.7 7966.2 114.937155 6631.63103 126.431349 0.7 7966.2 114.937155
114 2766.70834 240.460082 0.7 7966.2 109.067738 6457.44692 127.147094 0.7 7966.2 109.067738
114.5 2480.38331 240.446189 0.7 7966.2 104.187486 6317.70209 127.89624 0.7 7966.2 104.187486
115 2240.33067 240.45731 0.7 7966.2 100.120558 6204.37808 128.670758 0.7 7966.2 100.120558
115.5 2038.63939 240.487493 0.7 7966.2 96.7110212 6110.85681 129.464675 0.7 7966.2 96.7110212
116 1868.33466 240.532349 0.7 7966.2 93.8301557 6032.05512 130.273585 0.7 7966.2 93.8301557
116.5 1723.61472 240.588638 0.7 7966.2 91.3751763 5964.19568 131.094226 0.7 7966.2 91.3751763
117 1599.78381 240.653946 0.7 7966.2 89.2651465 5904.5073 131.924165 0.7 7966.2 89.2651465
117.5 1493.0852 240.726462 0.7 7966.2 87.43656 5850.96067 132.76157 0.7 7966.2 87.43656
118 1400.52264 240.804805 0.7 7966.2 85.8394791 5802.0634 133.60504 0.7 7966.2 85.8394791
118.5 1319.70235 240.887914 0.7 7966.2 84.4344269 5756.70958 134.453493 0.7 7966.2 84.4344269
119 1248.70348 240.974963 0.7 7966.2 83.1899782 5714.07209 135.306082 0.7 7966.2 83.1899782
119.5 1185.97577 241.065302 0.7 7966.2 82.080922 5673.52613 136.162135 0.7 7966.2 82.080922
120 1130.25983 241.158415 0.7 7966.2 81.0868701 5634.59485 137.021115 0.7 7966.2 81.0868701
120.5 1080.52571 241.253886 0.7 7966.2 80.191202 5596.91074 137.882584 0.7 7966.2 80.191202
121 1035.92534 241.351381 0.7 7966.2 79.3802624 5560.1878 138.746185 0.7 7966.2 79.3802624
121.5 995.755815 241.450627 0.7 7966.2 78.6427477 5524.20141 139.611623 0.7 7966.2 78.6427477
122 959.430841 241.551399 0.7 7966.2 77.969234 5488.7737 140.478651 0.7 7966.2 77.969234
122.5 926.458422 241.653512 0.7 7966.2 77.3518108 5453.76265 141.34706 0.7 7966.2 77.3518108
123 896.423318 241.756813 0.7 7966.2 76.7837954 5419.05405 142.216673 0.7 7966.2 76.7837954
123.5 868.97318 241.861174 0.7 7966.2 76.259508 5384.55544 143.087338 0.7 7966.2 76.259508
124 843.80749 241.966487 0.7 7966.2 75.7740936 5350.19148 143.958924 0.7 7966.2 75.7740936
124.5 820.668714 242.072664 0.7 7966.2 75.3233798 5315.90049 144.831317 0.7 7966.2 75.3233798
125 799.335158 242.179629 0.7 7966.2 74.9037626 5281.63169 145.704415 0.7 7966.2 74.9037626
125.5 779.615172 242.287318 0.7 7966.2 74.5121141 5247.3431 146.578129 0.7 7966.2 74.5121141
126 761.342425 242.395679 0.7 7966.2 74.1457075 5212.99992 147.452381 0.7 7966.2 74.1457075
126.5 744.372015 242.504668 0.7 7966.2 73.8021552 5178.57316 148.3271 0.7 7966.2 73.8021552
127 728.577272 242.614247 0.7 7966.2 73.4793586 5144.03868 149.20222 0.7 7966.2 73.4793586
127.5 713.847097 242.724385 0.7 7966.2 73.1754656 5109.37631 150.077683 0.7 7966.2 73.1754656
128 700.083748 242.835058 0.7 7966.2 72.8888362 5074.56922 150.953435 0.7 7966.2 72.8888362
128.5 687.200981 242.946244 0.7 7966.2 72.6180132 5039.60333 151.829427 0.7 7966.2 72.6180132
129 675.122492 243.057928 0.7 7966.2 72.3616972 5004.46694 152.705613 0.7 7966.2 72.3616972
129.5 663.780598 243.170096 0.7 7966.2 72.1187266 4969.15029 153.581949 0.7 7966.2 72.1187266
130 653.115117 243.282741 0.7 7966.2 71.8880592 4933.64535 154.458395 0.7 7966.2 71.8880592
130.5 643.072417 243.395854 0.7 7966.2 71.6687581 4897.9455 155.334912 0.7 7966.2 71.6687581
131 633.6046 243.509432 0.7 7966.2 71.4599784 4862.04538 156.211464 0.7 7966.2 71.4599784
131.5 624.668807 243.623474 0.7 7966.2 71.260956 4825.94069 157.088016 0.7 7966.2 71.260956
132 616.226617 243.737981 0.7 7966.2 71.0709989 4789.62809 157.964534 0.7 7966.2 71.0709989
132.5 608.243528 243.852954 0.7 7966.2 70.8894784 4753.105 158.840985 0.7 7966.2 70.8894784
133 600.688509 243.968399 0.7 7966.2 70.7158221 4716.3696 159.717338 0.7 7966.2 70.7158221
133.5 593.533612 244.084322 0.7 7966.2 70.549508 4679.42066 160.593561 0.7 7966.2 70.549508
134 586.753633 244.20073 0.7 7966.2 70.3900589 4642.25755 161.469624 0.7 7966.2 70.3900589
134.5 580.325816 244.317633 0.7 7966.2 70.237038 4604.88009 162.345497 0.7 7966.2 70.237038
135 574.229595 244.435042 0.7 7966.2 70.0900443 4567.28856 163.221149 0.7 7966.2 70.0900443
135.5 568.446371 244.552968 0.7 7966.2 69.9487091 4529.48364 164.096552 0.7 7966.2 69.9487091
136 562.959307 244.671426 0.7 7966.2 69.8126934 4491.46638 164.971676 0.7 7966.2 69.8126934
136.5 557.753158 244.790429 0.7 7966.2 69.6816842 4453.23814 165.846492 0.7 7966.2 69.6816842
137 552.814118 244.909994 0.7 7966.2 69.5553924 4414.80058 166.720968 0.7 7966.2 69.5553924
137.5 548.129678 245.030137 0.7 7966.2 69.4335508 4376.15565 167.595077 0.7 7966.2 69.4335508
138 543.688511 245.150878 0.7 7966.2 69.3159115 4337.30554 168.468787 0.7 7966.2 69.3159115
138.5 539.480364 245.272236 0.7 7966.2 69.2022449 4298.2527 169.342068 0.7 7966.2 69.2022449
139 535.495962 245.394231 0.7 7966.2 69.0923374 4258.99978 170.214889 0.7 7966.2 69.0923374
139.5 531.726926 245.516887 0.7 7966.2 68.9859903 4219.54965 171.087219 0.7 7966.2 68.9859903
140 528.165696 245.640224 0.7 7966.2 68.8830188 4179.90537 171.959026 0.7 7966.2 68.8830188
140.5 524.805468 245.76427 0.7 7966.2 68.7832502 4140.07021 172.830276 0.7 7966.2 68.7832502
141 521.640133 245.889048 0.7 7966.2 68.6865236 4100.04761 173.700937 0.7 7966.2 68.6865236
141.5 518.664224 246.014587 0.7 7966.2 68.5926883 4059.84118 174.570975 0.7 7966.2 68.5926883
142 515.87287 246.140914 0.7 7966.2 68.5016033 4019.45471 175.440354 0.7 7966.2 68.5016033
142.5 513.261754 246.268059 0.7 7966.2 68.4131368 3978.89216 176.309039 0.7 7966.2 68.4131368
143 510.827078 246.396054 0.7 7966.2 68.3271648 3938.15765 177.176992 0.7 7966.2 68.3271648
143.5 508.565526 246.524931 0.7 7966.2 68.2435712 3897.25546 178.044175 0.7 7966.2 68.2435712
144 506.47424 246.654723 0.7 7966.2 68.1622467 3856.19004 178.91055 0.7 7966.2 68.1622467
144.5 504.55079 246.785467 0.7 7966.2 68.0830886 3814.96598 179.776076 0.7 7966.2 68.0830886
145 502.793151 246.917199 0.7 7966.2 68.0060001 3773.58806 180.640711 0.7 7966.2 68.0060001
145.5 501.199689 247.049958 0.7 7966.2 67.9308902 3732.06119 181.504412 0.7 7966.2 67.9308902
146 499.769135 247.183785 0.7 7966.2 67.8576728 3690.39047 182.367135 0.7 7966.2 67.8576728
146.5 498.500577 247.318723 0.7 7966.2 67.7862669 3648.58115 183.228833 0.7 7966.2 67.7862669
147 497.393442 247.454814 0.7 7966.2 67.7165956 3606.63865 184.089459 0.7 7966.2 67.7165956
147.5 496.447486 247.592106 0.7 7966.2 67.6485866 3564.56856 184.948963 0.7 7966.2 67.6485866
148 495.662787 247.730646 0.7 7966.2 67.5821713 3522.37664 185.807293 0.7 7966.2 67.5821713
148.5 495.039734 247.870485 0.7 7966.2 67.5172846 3480.06883 186.664398 0.7 7966.2 67.5172846
149 494.579022 248.011675 0.7 7966.2 67.4538651 3437.65126 187.52022 0.7 7966.2 67.4538651
149.5 494.281647 248.154271 0.7 7966.2 67.3918543 3395.13025 188.374703 0.7 7966.2 67.3918543
150 494.148903 248.298331 0.7 7966.2 67.3311968 3352.51229 189.227786 0.7 7966.2 67.3311968
150.5 494.182379 248.443913 0.7 7966.2 67.2718399 3309.8041 190.079408 0.7 7966.2 67.2718399
151 494.383957 248.59108 0.7 7966.2 67.2137338 3267.01258 190.929504 0.7 7966.2 67.2137338
151.5 494.755814 248.739897 0.7 7966.2 67.1568306 3224.14485 191.778006 0.7 7966.2 67.1568306
152 495.300423 248.890433 0.7 7966.2 67.1010853 3181.20827 192.624845 0.7 7966.2 67.1010853
152.5 496.020552 249.042758 0.7 7966.2 67.0464547 3138.21041 193.469946 0.7 7966.2 67.0464547
153 496.919271 249.196948 0.7 7966.2 66.9928977 3095.15907 194.313235 0.7 7966.2 66.9928977
153.5 497.999952 249.353078 0.7 7966.2 66.9403751 3052.06232 195.15463 0.7 7966.2 66.9403751
154 499.26628 249.511231 0.7 7966.2 66.8888495 3008.92846 195.994051 0.7 7966.2 66.8888495
154.5 500.722249 249.671491 0.7 7966.2 66.8382854 2965.76607 196.831409 0.7 7966.2 66.8382854
155 502.372178 249.833947 0.7 7966.2 66.7886486 2922.58401 197.666616 0.7 7966.2 66.7886486
155.5 504.220712 249.998692 0.7 7966.2 66.7399065 2879.39142 198.499576 0.7 7966.2 66.7399065
156 506.272833 250.165821 0.7 7966.2 66.692028 2836.19774 199.330192 0.7 7966.2 66.692028
156.5 508.533867 250.335436 0.7 7966.2 66.6449834 2793.0127 200.158361 0.7 7966.2 66.6449834
157 511.009493 250.507644 0.7 7966.2 66.5987441 2749.84638 200.983976 0.7 7966.2 66.5987441
157.5 513.705752 250.682553 0.7 7966.2 66.5532828 2706.70918 201.806926 0.7 7966.2 66.5532828
158 516.62906 250.86028 0.7 7966.2 66.5085734 2663.61185 202.627094 0.7 7966.2 66.5085734
158.5 519.786215 251.040944 0.7 7966.2 66.4645907 2620.56548 203.444359 0.7 7966.2 66.4645907
159 523.184408 251.224672 0.7 7966.2 66.4213106 2577.58156 204.258593 0.7 7966.2 66.4213106
159.5 526.831237 251.411595 0.7 7966.2 66.3787102 2534.67195 205.069664 0.7 7966.2 66.3787102
160 530.734713 251.601849 0.7 7966.2 66.3367672 2491.84889 205.877435 0.7 7966.2 66.3367672
160.5 534.903274 251.795579 0.7 7966.2 66.2954603 2449.12506 206.68176 0.7 7966.2 66.2954603
161 539.345797 251.992932 0.7 7966.2 66.2547691 2406.51353 207.482491 0.7 7966.2 66.2547691
161.5 544.071601 252.194065 0.7 7966.2 66.2146738 2364.02783 208.279471 0.7 7966.2 66.2146738
162 549.090464 252.399139 0.7 7966.2 66.1751555 2321.6819 209.072536 0.7 7966.2 66.1751555
162.5 554.412629 252.608322 0.7 7966.2 66.1361961 2279.49016 209.861518 0.7 7966.2 66.1361961
163 560.048808 252.821791 0.7 7966.2 66.0977779 2237.46748 210.646241 0.7 7966.2 66.0977779
163.5 566.010192 253.039726 0.7 7966.2 66.059884 2195.62919 211.426521 0.7 7966.2 66.059884
164 572.308453 253.262318 0.7 7966.2 66.0224983 2153.99111 212.202169 0.7 7966.2 66.0224983
164.5 578.955746 253.489763 0.7 7966.2 65.9856049 2112.5695 212.972988 0.7 7966.2 65.9856049
165 585.964709 253.722263 0.7 7966.2 65.9491887 2071.38114 213.738773 0.7 7966.2 65.9491887
165.5 593.348458 253.96003 0.7 7966.2 65.9132352 2030.44324 214.499313 0.7 7966.2 65.9132352
166 601.120579 254.203281 0.7 7966.2 65.8777302 1989.7735 215.254391 0.7 7966.2 65.8777302
166.5 609.295121 254.452239 0.7 7966.2 65.8426601 1949.39007 216.003782 0.7 7966.2 65.8426601
167 617.886574 254.707136 0.7 7966.2 65.8080117 1909.31152 216.747254 0.7 7966.2 65.8080117
167.5 626.909854 254.968208 0.7 7966.2 65.7737723 1869.55687 217.48457 0.7 7966.2 65.7737723
168 636.380274 255.235699 0.7 7966.2 65.7399297 1830.1455 218.215485 0.7 7966.2 65.7399297
168.5 646.313511 255.509858 0.7 7966.2 65.7064718 1791.09717 218.939752 0.7 7966.2 65.7064718
169 656.725567 255.790938 0.7 7966.2 65.6733873 1752.43195 219.657114 0.7 7966.2 65.6733873
169.5 667.632725 256.079197 0.7 7966.2 65.6406648 1714.17021 220.367315 0.7 7966.2 65.6406648
170 679.051492 256.374897 0.7 7966.2 65.6082938 1676.33251 221.070091 0.7 7966.2 65.6082938
170.5 690.998542 256.678302 0.7 7966.2 65.5762636 1638.93959 221.765178 0.7 7966.2 65.5762636
171 703.490639 256.989678 0.7 7966.2 65.5445642 1602.01227 222.452309 0.7 7966.2 65.5445642
171.5 716.544564 257.309293 0.7 7966.2 65.5131858 1565.57139 223.131218 0.7 7966.2 65.5131858
172 730.177029 257.637412 0.7 7966.2 65.4821187 1529.63773 223.801637 0.7 7966.2 65.4821187
172.5 744.404579 257.974298 0.7 7966.2 65.4513537 1494.23186 224.463302 0.7 7966.2 65.4513537
173 759.24349 258.320214 0.7 7966.2 65.4208819 1459.37413 225.115952 0.7 7966.2 65.4208819
173.5 774.709662 258.675413 0.7 7966.2 65.3906945 1425.08447 225.759331 0.7 7966.2 65.3906945
174 790.818505 259.040145 0.7 7966.2 65.360783 1391.38234 226.393191 0.7 7966.2 65.360783
174.5 807.584812 259.414651 0.7 7966.2 65.3311392 1358.28657 227.01729 0.7 7966.2 65.3311392
175 825.022643 259.799159 0.7 7966.2 65.3017551 1325.81527 227.631399 0.7 7966.2 65.3017551
175.5 843.145195 260.193888 0.7 7966.2 65.2726228 1293.98567 228.235298 0.7 7966.2 65.2726228
176 861.96468 260.599042 0.7 7966.2 65.2437348 1262.81401 228.828784 0.7 7966.2 65.2437348
176.5 881.492196 261.014809 0.7 7966.2 65.2150837 1232.31543 229.411669 0.7 7966.2 65.2150837
177 901.737615 261.44136 0.7 7966.2 65.1866623 1202.50383 229.98378 0.7 7966.2 65.1866623
177.5 922.709469 261.878846 0.7 7966.2 65.1584636 1173.39176 230.544967 0.7 7966.2 65.1584636
178 944.414844 262.327399 0.7 7966.2 65.1304807 1144.99034 231.095097 0.7 7966.2 65.1304807
178.5 966.859293 262.787127 0.7 7966.2 65.102707 1117.30914 231.634061 0.7 7966.2 65.102707
179 990.046756 263.258117 0.7 7966.2 65.0751359 1090.35613 232.161773 0.7 7966.2 65.0751359
179.5 1013.9795 263.740431 0.7 7966.2 65.0477612 1064.13758 232.678171 0.7 7966.2 65.0477612
180 1038.65806 264.234107 0.7 7966.2 65.0205765 1038.65806 233.183216 0.7 7966.2 65.0205765
180.5 1064.08124 264.739156 0.7 7966.2 64.9935759 1013.92037 233.676896 0.7 7966.2 64.9935759
181 1090.24607 265.255567 0.7 7966.2 64.9667534 989.925547 234.159223 0.7 7966.2 64.9667534
181.5 1117.14784 265.7833 0.7 7966.2 64.9401033 966.672889 234.630234 0.7 7966.2 64.9401033
182 1144.78012 266.322295 0.7 7966.2 64.9136198 944.159964 235.089993 0.7 7966.2 64.9136198
182.5 1173.13479 266.872465 0.7 7966.2 64.8872974 922.38266 235.538585 0.7 7966.2 64.8872974
183 1202.20213 267.433699 0.7 7966.2 64.8611308 901.335252 235.976119 0.7 7966.2 64.8611308
183.5 1231.9709 268.005867 0.7 7966.2 64.8351145 881.010476 236.402726 0.7 7966.2 64.8351145
184 1262.42839 268.588817 0.7 7966.2 64.8092434 861.399622 236.818559 0.7 7966.2 64.8092434
184.5 1293.56057 269.182377 0.7 7966.2 64.7835123 842.49264 237.223787 0.7 7966.2 64.7835123
185 1325.35218 269.78636 0.7 7966.2 64.7579163 824.278244 237.6186 0.7 7966.2 64.7579163
185.5 1357.78685 270.400561 0.7 7966.2 64.7324504 806.744037 238.0032 0.7 7966.2 64.7324504
186 1390.84722 271.024761 0.7 7966.2 64.7071098 789.876634 238.377807 0.7 7966.2 64.7071098
186.5 1424.51509 271.658732 0.7 7966.2 64.6818898 773.661781 238.74265 0.7 7966.2 64.6818898
187 1458.77149 272.302231 0.7 7966.2 64.6567857 758.084487 239.097969 0.7 7966.2 64.6567857
187.5 1493.59687 272.95501 0.7 7966.2 64.6317928 743.129144 239.444013 0.7 7966.2 64.6317928
188 1528.97117 273.616814 0.7 7966.2 64.6069068 728.779648 239.781039 0.7 7966.2 64.6069068
188.5 1564.87398 274.28738 0.7 7966.2 64.5821231 715.019512 240.109305 0.7 7966.2 64.5821231
189 1601.2846 274.966446 0.7 7966.2 64.5574374 701.831976 240.429077 0.7 7966.2 64.5574374
189.5 1638.18216 275.653745 0.7 7966.2 64.5328454 689.20011 240.740621 0.7 7966.2 64.5328454
190 1675.54574 276.349009 0.7 7966.2 64.5083428 677.106907 241.044204 0.7 7966.2 64.5083428
190.5 1713.35442 277.051973 0.7 7966.2 64.4839254 665.535368 241.340091 0.7 7966.2 64.4839254
191 1751.58739 277.762371 0.7 7966.2 64.4595892 654.46858 241.628548 0.7 7966.2 64.4595892
191.5 1790.224 278.479941 0.7 7966.2 64.4353299 643.889787 241.909835 0.7 7966.2 64.4353299
192 1829.2438 279.204426 0.7 7966.2 64.4111436 633.782449 242.184212 0.7 7966.2 64.4111436
192.5 1868.62664 279.935571 0.7 7966.2 64.3870264 624.130295 242.451933 0.7 7966.2 64.3870264
193 1908.3527 280.673126 0.7 7966.2 64.3629741 614.917371 242.713245 0.7 7966.2 64.3629741
193.5 1948.40251 281.41685 0.7 7966.2 64.338983 606.128075 242.968392 0.7 7966.2 64.338983
194 1988.75699 282.166503 0.7 7966.2 64.3150493 597.747191 243.217613 0.7 7966.2 64.3150493
194.5 2029.39748 282.921854 0.7 7966.2 64.2911689 589.759911 243.461137 0.7 7966.2 64.2911689
195 2070.30577 283.68268 0.7 7966.2 64.2673382 582.15186 243.69919 0.7 7966.2 64.2673382
195.5 2111.4641 284.448763 0.7 7966.2 64.2435534 574.909107 243.931988 0.7 7966.2 64.2435534
196 2152.85517 285.219891 0.7 7966.2 64.2198108 568.018175 244.159742 0.7 7966.2 64.2198108
196.5 2194.46215 285.995861 0.7 7966.2 64.1961066 561.466049 244.382656 0.7 7966.2 64.1961066
197 2236.2687 286.776476 0.7 7966.2 64.1724371 555.240176 244.600927 0.7 7966.2 64.1724371
197.5 2278.25894 287.561547 0.7 7966.2 64.1487987 549.32847 244.814744 0.7 7966.2 64.1487987
198 2320.41746 288.350891 0.7 7966.2 64.1251878 543.7193 245.024289 0.7 7966.2 64.1251878
198.5 2362.72932 289.144332 0.7 7966.2 64.1016007 538.401493 245.229738 0.7 7966.2 64.1016007
199 2405.18003 289.941701 0.7 7966.2 64.0780338 533.364322 245.43126 0.7 7966.2 64.0780338
199.5 2447.75557 290.742835 0.7 7966.2 64.0544835 528.5975 245.629017 0.7 7966.2 64.0544835
200 2490.44235 291.547579 0.7 7966.2 64.0309462 524.091166 245.823165 0.7 7966.2 64.0309462
200.5 2533.2272 292.355784 0.7 7966.2 64.0074183 519.835877 246.013853 0.7 7966.2 64.0074183
201 2576.09738 293.167304 0.7 7966.2 63.9838962 515.822597 246.201225 0.7 7966.2 63.9838962
201.5 2619.04056 293.982004 0.7 7966.2 63.9603764 512.042682 246.385419 0.7 7966.2 63.9603764
202 2662.04478 294.79975 0.7 7966.2 63.9368553 508.487866 246.566565 0.7 7966.2 63.9368553
202.5 2705.09848 295.620418 0.7 7966.2 63.9133293 505.150253 246.744791 0.7 7966.2 63.9133293
203 2748.19046 296.443884 0.7 7966.2 63.8897948 502.022298 246.920217 0.7 7966.2 63.8897948
203.5 2791.30988 297.270034 0.7 7966.2 63.8662483 499.096798 247.092959 0.7 7966.2 63.8662483
204 2834.44624 298.098756 0.7 7966.2 63.8426861 496.366875 247.263127 0.7 7966.2 63.8426861
204.5 2877.58936 298.929945 0.7 7966.2 63.8191047 493.825968 247.430829 0.7 7966.2 63.8191047
205 2920.72938 299.763497 0.7 7966.2 63.7955004 491.467815 247.596166 0.7 7966.2 63.7955004
205.5 2963.85675 300.599316 0.7 7966.2 63.7718697 489.286442 247.759234 0.7 7966.2 63.7718697
206 3006.9622 301.437309 0.7 7966.2 63.7482088 487.276153 247.920128 0.7 7966.2 63.7482088
206.5 3050.03675 302.277385 0.7 7966.2 63.7245141 485.431515 248.078937 0.7 7966.2 63.7245141
207 3093.07168 303.119459 0.7 7966.2 63.700782 483.747349 248.235746 0.7 7966.2 63.700782
207.5 3136.05852 303.963449 0.7 7966.2 63.6770087 482.218717 248.390637 0.7 7966.2 63.6770087
208 3178.98907 304.809277 0.7 7966.2 63.6531905 480.840911 248.543688 0.7 7966.2 63.6531905
208.5 3221.85536 305.656866 0.7 7966.2 63.6293237 479.609445 248.694975 0.7 7966.2 63.6293237
209 3264.64961 306.506146 0.7 7966.2 63.6054044 478.520043 248.84457 0.7 7966.2 63.6054044
209.5 3307.36432 307.357046 0.7 7966.2 63.5814288 477.568629 248.992542 0.7 7966.2 63.5814288
210 3349.99214 308.2095 0.7 7966.2 63.5573931 476.75132 249.138956 0.7 7966.2 63.5573931
210.5 3392.52596 309.063445 0.7 7966.2 63.5332934 476.064414 249.283876 0.7 7966.2 63.5332934
211 3434.95884 309.91882 0.7 7966.2 63.5091258 475.504387 249.427364 0.7 7966.2 63.5091258
211.5 3477.28403 310.775566 0.7 7966.2 63.4848862 475.067877 249.569478 0.7 7966.2 63.4848862
212 3519.49495 311.633626 0.7 7966.2 63.4605707 474.751686 249.710273 0.7 7966.2 63.4605707
212.5 3561.58521 312.492947 0.7 7966.2 63.4361752 474.552763 249.849804 0.7 7966.2 63.4361752
213 3603.54856 313.353477 0.7 7966.2 63.4116955 474.468205 249.988122 0.7 7966.2 63.4116955
213.5 3645.3789 314.215166 0.7 7966.2 63.3871275 474.495246 250.125276 0.7 7966.2 63.3871275
214 3687.07031 315.077966 0.7 7966.2 63.362467 474.631252 250.261316 0.7 7966.2 63.362467
214.5 3728.61699 315.941831 0.7 7966.2 63.3377096 474.873714 250.396285 0.7 7966.2 63.3377096
215 3770.01329 316.806717 0.7 7966.2 63.3128511 475.220245 250.530229 0.7 7966.2 63.3128511
215.5 3811.25367 317.672581 0.7 7966.2 63.2878869 475.668571 250.66319 0.7 7966.2 63.2878869
216 3852.33275 318.539382 0.7 7966.2 63.2628126 476.21653 250.795209 0.7 7966.2 63.2628126
216.5 3893.24526 319.40708 0.7 7966.2 63.2376237 476.862063 250.926325 0.7 7966.2 63.2376237
217 3933.98605 320.275638 0.7 7966.2 63.2123154 477.603212 251.056576 0.7 7966.2 63.2123154
217.5 3974.55007 321.145019 0.7 7966.2 63.1868832 478.438117 251.185998 0.7 7966.2 63.1868832
218 4014.9324 322.015187 0.7 7966.2 63.161322 479.365006 251.314627 0.7 7966.2 63.161322
218.5 4055.12822 322.886108 0.7 7966.2 63.1356271 480.382199 251.442497 0.7 7966.2 63.1356271
219 4095.13281 323.75775 0.7 7966.2 63.1097935 481.488098 251.569639 0.7 7966.2 63.1097935
219.5 4134.94156 324.63008 0.7 7966.2 63.0838161 482.681187 251.696086 0.7 7966.2 63.0838161
220 4174.54994 325.503068 0.7 7966.2 63.0576897 483.960027 251.821869 0.7 7966.2 63.0576897
220.5 4213.95353 326.376684 0.7 7966.2 63.0314091 485.323253 251.947016 0.7 7966.2 63.0314091
221 4253.14799 327.250899 0.7 7966.2 63.0049687 486.769574 252.071556 0.7 7966.2 63.0049687
221.5 4292.12907 328.125685 0.7 7966.2 62.9783632 488.297765 252.195517 0.7 7966.2 62.9783632
222 4330.8926 329.001017 0.7 7966.2 62.9515868 489.906669 252.318925 0.7 7966.2 62.9515868
222.5 4369.43451 329.876867 0.7 7966.2 62.9246338 491.595191 252.441807 0.7 7966.2 62.9246338
223 4407.75079 330.753211 0.7 7966.2 62.8974984 493.362301 252.564186 0.7 7966.2 62.8974984
223.5 4445.83753 331.630024 0.7 7966.2 62.8701745 495.207024 252.686087 0.7 7966.2 62.8701745
224 4483.69086 332.507282 0.7 7966.2 62.8426559 497.128445 252.807533 0.7 7966.2 62.8426559
224.5 4521.30703 333.384963 0.7 7966.2 62.8149364 499.125704 252.928547 0.7 7966.2 62.8149364
225 4558.68233 334.263044 0.7 7966.2 62.7870095 501.197994 253.049152 0.7 7966.2 62.7870095
225.5 4595.81313 335.141504 0.7 7966.2 62.7588684 503.34456 253.169367 0.7 7966.2 62.7588684
226 4632.69587 336.020321 0.7 7966.2 62.7305066 505.564697 253.289215 0.7 7966.2 62.7305066
226.5 4669.32705 336.899476 0.7 7966.2 62.7019169 507.85775 253.408715 0.7 7966.2 62.7019169
227 4705.70325 337.778947 0.7 7966.2 62.6730922 510.22311 253.527886 0.7 7966.2 62.6730922
227.5 4741.82111 338.658717 0.7 7966.2 62.6440253 512.660218 253.646748 0.7 7966.2 62.6440253
228 4777.67732 339.538766 0.7 7966.2 62.6147085 515.168555 253.76532 0.7 7966.2 62.6147085
228.5 4813.26865 340.419076 0.7 7966.2 62.5851341 517.74765 253.883618 0.7 7966.2 62.5851341
229 4848.59192 341.299628 0.7 7966.2 62.5552942 520.397074 254.001661 0.7 7966.2 62.5552942
229.5 4883.644 342.180406 0.7 7966.2 62.5251805 523.11644 254.119465 0.7 7966.2 62.5251805
230 4918.42185 343.061393 0.7 7966.2 62.4947847 525.905404 254.237047 0.7 7966.2 62.4947847
230.5 4952.92246 343.942572 0.7 7966.2 62.4640981 528.763662 254.354424 0.7 7966.2 62.4640981
231 4987.14289 344.823926 0.7 7966.2 62.4331118 531.690951 254.471611 0.7 7966.2 62.4331118
231.5 5021.08024 345.70544 0.7 7966.2 62.4018165 534.687046 254.588624 0.7 7966.2 62.4018165
232 5054.73169 346.587099 0.7 7966.2 62.3702029 537.751765 254.705477 0.7 7966.2 62.3702029
232.5 5088.09445 347.468887 0.7 7966.2 62.3382611 540.884962 254.822185 0.7 7966.2 62.3382611
233 5121.16581 348.35079 0.7 7966.2 62.3059812 544.086532 254.938763 0.7 7966.2 62.3059812
233.5 5153.94308 349.232792 0.7 7966.2 62.2733527 547.356407 255.055224 0.7 7966.2 62.2733527
234 5186.42366 350.114881 0.7 7966.2 62.240365 550.69456 255.171583 0.7 7966.2 62.240365
234.5 5218.60496 350.997041 0.7 7966.2 62.2070069 554.101 255.287852 0.7 7966.2 62.2070069
235 5250.48449 351.87926 0.7 7966.2 62.1732671 557.575779 255.404045 0.7 7966.2 62.1732671
235.5 5282.05977 352.761523 0.7 7966.2 62.1391337 561.118983 255.520175 0.7 7966.2 62.1391337
236 5313.32839 353.643818 0.7 7966.2 62.1045947 564.730741 255.636255 0.7 7966.2 62.1045947
236.5 5344.288 354.526131 0.7 7966.2 62.0696373 568.411221 255.752295 0.7 7966.2 62.0696373
237 5374.93626 355.40845 0.7 7966.2 62.0342486 572.160631 255.86831 0.7 7966.2 62.0342486
237.5 5405.27094 356.290763 0.7 7966.2 61.998415 575.979219 255.984311 0.7 7966.2 61.998415
238 5435.28981 357.173056 0.7 7966.2 61.9621225 579.867276 256.100308 0.7 7966.2 61.9621225
238.5 5464.9907 358.055319 0.7 7966.2 61.9253567 583.825134 256.216315 0.7 7966.2 61.9253567
239 5494.37152 358.937538 0.7 7966.2 61.8881026 587.85317 256.332342 0.7 7966.2 61.8881026
239.5 5523.43018 359.819702 0.7 7966.2 61.8503447 591.951804 256.4484 0.7 7966.2 61.8503447
240 5552.16468 0.701800134 0.7 7966.2 61.8120667 596.121502 256.5645 0.7 7966.2 61.8120667
240.5 5580.57306 1.5838198 0.7 7966.2 61.773252 600.362776 256.680653 0.7 7966.2 61.773252
241 5608.65338 2.46575001 0.7 7966.2 61.7338832 604.676186 256.796869 0.7 7966.2 61.7338832
241.5 5636.4038 3.34757952 0.7 7966.2 61.6939422 609.062343 256.913159 0.7 7966.2 61.6939422
242 5663.82248 4.22929721 0.7 7966.2 61.6534104 613.521909 257.029533 0.7 7966.2 61.6534104
242.5 5690.90767 5.1108921 0.7 7966.2 61.6122682 618.055598 257.146001 0.7 7966.2 61.6122682
243 5717.65764 5.99235329 0.7 7966.2 61.5704954 622.664182 257.262572 0.7 7966.2 61.5704954
243.5 5744.07073 6.87366999 0.7 7966.2 61.5280709 627.348488 257.379258 0.7 7966.2 61.5280709
244 5770.14531 7.7548315 0.7 7966.2 61.4849727 632.109405 257.496067 0.7 7966.2 61.4849727
244.5 5795.87983 8.63582721 0.7 7966.2 61.441178 636.947883 257.613009 0.7 7966.2 61.441178
245 5821.27275 9.51664659 0.7 7966.2 61.3966631 641.864939 257.730094 0.7 7966.2 61.3966631
245.5 5846.32263 10.3972792 0.7 7966.2 61.351403 646.861658 257.84733 0.7 7966.2 61.351403
246 5871.02805 11.2777145 0.7 7966.2 61.305372 651.939198 257.964727 0.7 7966.2 61.305372
246.5 5895.38765 12.1579424 0.7 7966.2 61.258543 657.098793 258.082294 0.7 7966.2 61.258543
247 5919.40011 13.0379524 0.7 7966.2 61.2108878 662.341755 258.20004 0.7 7966.2 61.2108878
247.5 5943.0642 13.9177343 0.7 7966.2 61.162377 667.669482 258.317973 0.7 7966.2 61.162377
248 5966.37871 14.797278 0.7 7966.2 61.1129798 673.083461 258.436103 0.7 7966.2 61.1129798
248.5 5989.34251 15.6765732 0.7 7966.2 61.062664 678.585272 258.554438 0.7 7966.2 61.062664
249 6011.9545 16.5556098 0.7 7966.2 61.011396 684.176593 258.672987 0.7 7966.2 61.011396
249.5 6034.21367 17.4343776 0.7 7966.2 60.9591405 689.859212 258.791758 0.7 7966.2 60.9591405
250 6056.11905 18.3128666 0.7 7966.2 60.9058607 695.635025 258.91076 0.7 7966.2 60.9058607
250.5 6077.66972 19.1910666 0.7 7966.2 60.8515178 701.506048 259.030001 0.7 7966.2 60.8515178
251 6098.86485 20.0689675 0.7 7966.2 60.7960712 707.474424 259.149488 0.7 7966.2 60.7960712
251.5 6119.70366 20.9465592 0.7 7966.2 60.7394785 713.54243 259.269231 0.7 7966.2 60.7394785
252 6140.18543 21.8238315 0.7 7966.2 60.6816948 719.712488 259.389237 0.7 7966.2 60.6816948
252.5 6160.30952 22.7007743 0.7 7966.2 60.6226733 725.987173 259.509514 0.7 7966.2 60.6226733
253 6180.07535 23.5773774 0.7 7966.2 60.5623647 732.369225 259.63007 0.7 7966.2 60.5623647
253.5 6199.48241 24.4536305 0.7 7966.2 60.5007169 738.861558 259.750912 0.7 7966.2 60.5007169
254 6218.53028 25.3295235 0.7 7966.2 60.4376752 745.467277 259.87205 0.7 7966.2 60.4376752
254.5 6237.2186 26.2050459 0.7 7966.2 60.3731823 752.189686 259.993489 0.7 7966.2 60.3731823
255 6255.54711 27.0801873 0.7 7966.2 60.3071772 759.032309 260.115238 0.7 7966.2 60.3071772
255.5 6273.5156 27.9549375 0.7 7966.2 60.239596 765.998904 260.237304 0.7 7966.2 60.239596
256 6291.124 28.8292857 0.7 7966.2 60.170371 773.093476 260.359694 0.7 7966.2 60.170371
256.5 6308.37228 29.7032214 0.7 7966.2 60.0994309 780.320307 260.482416 0.7 7966.2 60.0994309
257 6325.26054 30.576734 0.7 7966.2 60.0267 787.683968 260.605476 0.7 7966.2 60.0267
257.5 6341.78898 31.4498125 0.7 7966.2 59.9520985 795.189346 260.728882 0.7 7966.2 59.9520985
258 6357.9579 32.3224461 0.7 7966.2 59.8755417 802.841672 260.852641 0.7 7966.2 59.8755417
258.5 6373.76771 33.1946237 0.7 7966.2 59.7969399 810.646546 260.976759 0.7 7966.2 59.7969399
259 6389.21895 34.0663341 0.7 7966.2 59.7161978 818.609969 261.101243 0.7 7966.2 59.7161978
259.5 6404.31229 34.937566 0.7 7966.2 59.6332143 826.73838 261.2261 0.7 7966.2 59.6332143
260 6419.04853 35.8083079 0.7 7966.2 59.5478821 835.03869 261.351336 0.7 7966.2 59.5478821
260.5 6433.42864 36.678548 0.7 7966.2 59.4600867 843.518328 261.476958 0.7 7966.2 59.4600867
261 6447.45372 37.5482746 0.7 7966.2 59.3697064 852.185282 261.602971 0.7 7966.2 59.3697064
261.5 6461.12507 38.4174755 0.7 7966.2 59.2766114 861.048158 261.729381 0.7 7966.2 59.2766114
262 6474.44414 39.2861384 0.7 7966.2 59.1806633 870.116228 261.856195 0.7 7966.2 59.1806633
262.5 6487.41262 40.1542506 0.7 7966.2 59.081714 879.399501 261.983417 0.7 7966.2 59.081714
263 6500.0324 41.0217995 0.7 7966.2 58.9796055 888.908789 262.111053 0.7 7966.2 58.9796055
263.5 6512.30559 41.8887717 0.7 7966.2 58.8741682 898.655784 262.239109 0.7 7966.2 58.8741682
264 6524.23459 42.7551539 0.7 7966.2 58.7652206 908.653152 262.367589 0.7 7966.2 58.7652206
264.5 6535.82207 43.6209322 0.7 7966.2 58.6525677 918.914621 262.496497 0.7 7966.2 58.6525677
265 6547.07101 44.4860923 0.7 7966.2 58.5360003 929.455098 262.625839 0.7 7966.2 58.5360003
265.5 6557.98474 45.3506198 0.7 7966.2 58.4152928 940.290789 262.755617 0.7 7966.2 58.4152928
266 6568.56698 46.2144994 0.7 7966.2 58.2902025 951.439333 262.885836 0.7 7966.2 58.2902025
266.5 6578.82184 47.0777157 0.7 7966.2 58.1604675 962.919964 263.016498 0.7 7966.2 58.1604675
267 6588.75394 47.9402524 0.7 7966.2 58.0258046 974.753675 263.147607 0.7 7966.2 58.0258046
267.5 6598.36841 48.8020928 0.7 7966.2 57.8859075 986.963426 263.279164 0.7 7966.2 57.8859075
268 6607.67096 49.6632195 0.7 7966.2 57.7404441 999.574359 263.411171 0.7 7966.2 57.7404441
268.5 6616.66796 50.5236144 0.7 7966.2 57.589054 1012.61405 263.54363 0.7 7966.2 57.589054
269 6625.36653 51.3832584 0.7 7966.2 57.4313451 1026.11281 263.676539 0.7 7966.2 57.4313451
269.5 6633.77464 52.2421318 0.7 7966.2 57.2668904 1040.10399 263.8099 0.7 7966.2 57.2668904
270 6641.90119 53.1002138 0.7 7966.2 57.0952238 1054.62438 263.94371 0.7 7966.2 57.0952238
270.5 6649.75618 53.9574823 0.7 7966.2 56.9158355 1069.7146 264.077967 0.7 7966.2 56.9158355
271 6657.35084 54.8139142 0.7 7966.2 56.7281672 1085.41965 264.212668 0.7 7966.2 56.7281672
271.5 6664.69781 55.6694849 0.7 7966.2 56.5316058 1101.7894 264.347808 0.7 7966.2 56.5316058
272 6671.81137 56.5241683 0.7 7966.2 56.3254765 1118.87931 264.483381 0.7 7966.2 56.3254765
272.5 6678.70768 57.3779366 0.7 7966.2 56.1090352 1136.75114 264.619379 0.7 7966.2 56.1090352
273 6685.40506 58.2307599 0.7 7966.2 55.8814596 1155.47386 264.755793 0.7 7966.2 55.8814596
273.5 6691.92437 59.0826063 0.7 7966.2 55.6418379 1175.12462 264.892611 0.7 7966.2 55.6418379
274 6698.28942 59.9334411 0.7 7966.2 55.3891574 1195.79001 265.029819 0.7 7966.2 55.3891574
274.5 6704.52749 60.783227 0.7 7966.2 55.1222895 1217.56737 265.1674 0.7 7966.2 55.1222895
275 6710.66991 61.6319232 0.7 7966.2 54.8399733 1240.56651 265.305334 0.7 7966.2 54.8399733
275.5 6716.75284 62.4794851 0.7 7966.2 54.5407953 1264.9116 265.443599 0.7 7966.2 54.5407953
276 6722.81817 63.325864 0.7 7966.2 54.2231664 1290.74346 265.582165 0.7 7966.2 54.2231664
276.5 6728.91463 64.1710059 0.7 7966.2 53.885294 1318.22233 265.721002 0.7 7966.2 53.885294
277 6735.09912 65.014851 0.7 7966.2 53.5251482 1347.53108 265.86007 0.7 7966.2 53.5251482
277.5 6741.43847 65.8573326 0.7 7966.2 53.1404224 1378.87916 265.999324 0.7 7966.2 53.1404224
278 6748.01149 66.698376 0.7 7966.2 52.7284849 1412.50729 266.138712 0.7 7966.2 52.7284849
278.5 6754.91166 67.5378967 0.7 7966.2 52.2863206 1448.69321 266.278171 0.7 7966.2 52.2863206
279 6762.25044 68.3757992 0.7 7966.2 51.8104595 1487.75862 266.417628 0.7 7966.2 51.8104595
279.5 6770.16155 69.2119741 0.7 7966.2 51.2968896 1530.0777 266.556996 0.7 7966.2 51.2968896
280 6778.80636 70.0462958 0.7 7966.2 50.7409489 1576.08763 266.696172 0.7 7966.2 50.7409489
280.5 6788.38096 70.8786189 0.7 7966.2 50.1371913 1626.30158 266.835033 0.7 7966.2 50.1371913
281 6799.12524 71.7087738 0.7 7966.2 49.4792189 1681.3249 266.973433 0.7 7966.2 49.4792189
281.5 6811.33487 72.536561 0.7 7966.2 48.7594707 1741.87549 267.111195 0.7 7966.2 48.7594707
282 6825.37707 73.3617445 0.7 7966.2 47.9689549 1808.80936 267.248108 0.7 7966.2 47.9689549
282.5 6841.71171 74.184042 0.7 7966.2 47.0969057 1883.15323 267.383911 0.7 7966.2 47.0969057
283 6860.91961 75.003113 0.7 7966.2 46.1303426 1966.14608 267.518289 0.7 7966.2 46.1303426
283.5 6883.74095 75.8185431 0.7 7966.2 45.0534982 2059.29249 267.650851 0.7 7966.2 45.0534982
284 6911.12776 76.6298223 0.7 7966.2 43.8470712 2164.43154 267.781112 0.7 7966.2 43.8470712
284.5 6944.31619 77.4363165 0.7 7966.2 42.4872453 2283.82586 267.908461 0.7 7966.2 42.4872453
285 6984.92652 78.2372281 0.7 7966.2 40.944396 2420.27684 268.032126 0.7 7966.2 40.944396
285.5 7035.10182 79.031542 0.7 7966.2 39.1813834 2577.27285 268.151117 0.7 7966.2 39.1813834
286 7097.69987 79.8179497 0.7 7966.2 37.1513065 2759.17741 268.26415 0.7 7966.2 37.1513065
286.5 7176.55544 80.5947432 0.7 7966.2 34.794591 2971.46084 268.369543 0.7 7966.2 34.794591
287 7276.82882 81.3596653 0.7 7966.2 32.0353223 3220.96766 268.465064 0.7 7966.2 32.0353223
287.5 7405.44112 82.1096984 0.7 7966.2 28.7769288 3516.1821 268.547722 0.7 7966.2 28.7769288
288 7571.54516 82.8407711 0.7 7966.2 24.8978525 3867.3826 268.61347 0.7 7966.2 24.8978525
288.5 7786.84553 83.5473669 0.7 7966.2 20.2491444 4286.42609 268.656819 0.7 7966.2 20.2491444
289 8065.28597 84.2220459 0.7 7966.2 14.6586703 4785.62267 268.670356 0.7 7966.2 14.6586703
289.5 8421.12077 84.854977 0.7 7966.2 7.95136919 5374.77236 268.644276 0.7 7966.2 7.95136919
290 nan nan nan nan nan nan nan nan nan nan
290.5 11172.2566 91.5779712 0.7 7966.2 170.81629 9112.91841 274.055749 0.7 7966.2 170.81629
291 10692.1767 91.8019347 0.7 7966.2 160.658142 8525.37641 273.627259 0.7 7966.2 160.658142
291.5 10145.111 92.1148509 0.7 7966.2 150.065247 7837.13389 273.289961 0.7 7966.2 150.065247
292 9579.28246 92.5178904 0.7 7966.2 139.729684 7099.47538 273.045056 0.7 7966.2 139.729684
292.5 9045.85891 93.0036964 0.7 7966.2 130.251291 6372.94656 272.885215 0.7 7966.2 130.251291
293 8579.24026 93.559372 0.7 7966.2 121.964699 5704.53097 272.797569 0.7 7966.2 121.964699
293.5 8191.41325 94.1705579 0.7 7966.2 114.937155 5117.94747 272.767788 0.7 7966.2 114.937155
294 7878.31252 94.8242639 0.7 7966.2 109.067738 4617.58888 272.782912 0.7 7966.2 109.067738
294.5 7628.58952 95.5099751 0.7 7966.2 104.187486 4196.92715 272.832453 0.7 7966.2 104.187486
295 7429.53338 96.2196581 0.7 7966.2 100.120558 3845.19968 272.90841 0.7 7966.2 100.120558
295.5 7269.80152 96.9473352 0.7 7966.2 96.7110212 3551.14267 273.004834 0.7 7966.2 96.7110212
296 7140.21144 97.6885932 0.7 7966.2 93.8301557 3304.60471 273.117341 0.7 7966.2 93.8301557
296.5 7033.66433 98.440166 0.7 7966.2 91.3751763 3097.02469 273.242697 0.7 7966.2 91.3751763
297 6944.78574 99.1996162 0.7 7966.2 89.2651465 2921.40527 273.378495 0.7 7966.2 89.2651465
297.5 6869.53628 99.9651048 0.7 7966.2 87.43656 2772.10587 273.522927 0.7 7966.2 87.43656
298 6804.87906 100.735226 0.7 7966.2 85.8394791 2644.59972 273.674619 0.7 7966.2 85.8394791
298.5 6748.52033 101.508893 0.7 7966.2 84.4344269 2535.25107 273.832514 0.7 7966.2 84.4344269
299 6698.7154 102.285253 0.7 7966.2 83.1899782 2441.12893 273.995792 0.7 7966.2 83.1899782
299.5 6654.12628 103.063629 0.7 7966.2 82.080922 2359.85798 274.163809 0.7 7966.2 82.080922
300 6613.71776 103.843477 0.7 7966.2 81.0868701 2289.50149 274.336053 0.7 7966.2 81.0868701
300.5 6576.68177 104.624355 0.7 7966.2 80.191202 2228.47024 274.512115 0.7 7966.2 80.191202
301 6542.38193 105.405901 0.7 7966.2 79.3802624 2175.45178 274.691666 0.7 7966.2 79.3802624
301.5 6510.31284 106.187814 0.7 7966.2 78.6427477 2129.35546 274.874437 0.7 7966.2 78.6427477
302 6480.06979 106.969841 0.7 7966.2 77.969234 2089.26943 275.060209 0.7 7966.2 77.969234
302.5 6451.32624 107.751768 0.7 7966.2 77.3518108 2054.42701 275.248804 0.7 7966.2 77.3518108
303 6423.81679 108.533414 0.7 7966.2 76.7837954 2024.18001 275.440072 0.7 7966.2 76.7837954
303.5 6397.32423 109.31462 0.7 7966.2 76.259508 1997.97767 275.633892 0.7 7966.2 76.259508
304 6371.66969 110.095251 0.7 7966.2 75.7740936 1975.34971 275.830161 0.7 7966.2 75.7740936
304.5 6346.70498 110.875187 0.7 7966.2 75.3233798 1955.89279 276.028794 0.7 7966.2 75.3233798
305 6322.30666 111.654322 0.7 7966.2 74.9037626 1939.25951 276.229721 0.7 7966.2 74.9037626
305.5 6298.37137 112.432562 0.7 7966.2 74.5121141 1925.14943 276.432885 0.7 7966.2 74.5121141
306 6274.81216 113.209824 0.7 7966.2 74.1457075 1913.30175 276.638237 0.7 7966.2 74.1457075
306.5 6251.55561 113.986031 0.7 7966.2 73.8021552 1903.4893 276.845736 0.7 7966.2 73.8021552
307 6228.53941 114.761115 0.7 7966.2 73.4793586 1895.51351 277.055351 0.7 7966.2 73.4793586
307.5 6205.71058 115.535012 0.7 7966.2 73.1754656 1889.20029 277.267055 0.7 7966.2 73.1754656
308 6183.02385 116.307665 0.7 7966.2 72.8888362 1884.39653 277.480828 0.7 7966.2 72.8888362
308.5 6160.44051 117.07902 0.7 7966.2 72.6180132 1880.96719 277.696652 0.7 7966.2 72.6180132
309 6137.92733 117.849026 0.7 7966.2 72.3616972 1878.79288 277.914515 0.7 7966.2 72.3616972
309.5 6115.45575 118.617637 0.7 7966.2 72.1187266 1877.76771 278.134408 0.7 7966.2 72.1187266
310 6093.00119 119.38481 0.7 7966.2 71.8880592 1877.79762 278.356326 0.7 7966.2 71.8880592
310.5 6070.54246 120.150501 0.7 7966.2 71.6687581 1878.79878 278.580265 0.7 7966.2 71.6687581
311 6048.06129 120.914673 0.7 7966.2 71.4599784 1880.69636 278.806223 0.7 7966.2 71.4599784
311.5 6025.54195 121.677288 0.7 7966.2 71.260956 1883.42342 279.034203 0.7 7966.2 71.260956
312 6002.97086 122.438308 0.7 7966.2 71.0709989 1886.91994 279.264207 0.7 7966.2 71.0709989
312.5 5980.33635 123.1977 0.7 7966.2 70.8894784 1891.13202 279.496239 0.7 7966.2 70.8894784
313 5957.6284 123.955431 0.7 7966.2 70.7158221 1896.01114 279.730306 0.7 7966.2 70.7158221
313.5 5934.83841 124.711467 0.7 7966.2 70.549508 1901.51357 279.966416 0.7 7966.2 70.549508
314 5911.95907 125.465778 0.7 7966.2 70.3900589 1907.59981 280.204577 0.7 7966.2 70.3900589
314.5 5888.98417 126.218332 0.7 7966.2 70.237038 1914.23415 280.444798 0.7 7966.2 70.237038
315 5865.90848 126.969102 0.7 7966.2 70.0900443 1921.38424 280.68709 0.7 7966.2 70.0900443
315.5 5842.72763 127.718056 0.7 7966.2 69.9487091 1929.0207 280.931465 0.7 7966.2 69.9487091
316 5819.43804 128.465167 0.7 7966.2 69.8126934 1937.11688 281.177935 0.7 7966.2 69.8126934
316.5 5796.0368 129.210407 0.7 7966.2 69.6816842 1945.6485 281.426514 0.7 7966.2 69.6816842
317 5772.52162 129.953747 0.7 7966.2 69.5553924 1954.59346 281.677215 0.7 7966.2 69.5553924
317.5 5748.89073 130.695163 0.7 7966.2 69.4335508 1963.93159 281.930052 0.7 7966.2 69.4335508
318 5725.14288 131.434625 0.7 7966.2 69.3159115 1973.64449 282.18504 0.7 7966.2 69.3159115
318.5 5701.27725 132.172109 0.7 7966.2 69.2022449 1983.71531 282.442195 0.7 7966.2 69.2022449
319 5677.29341 132.907588 0.7 7966.2 69.0923374 1994.12864 282.701532 0.7 7966.2 69.0923374
319.5 5653.19127 133.641037 0.7 7966.2 68.9859903 2004.87037 282.963069 0.7 7966.2 68.9859903
320 5628.97109 134.372429 0.7 7966.2 68.8830188 2015.92753 283.226821 0.7 7966.2 68.8830188
320.5 5604.63341 135.10174 0.7 7966.2 68.7832502 2027.28824 283.492806 0.7 7966.2 68.7832502
321 5580.17903 135.828944 0.7 7966.2 68.6865236 2038.94156 283.761041 0.7 7966.2 68.6865236
321.5 5555.60898 136.554017 0.7 7966.2 68.5926883 2050.87743 284.031545 0.7 7966.2 68.5926883
322 5530.92453 137.276935 0.7 7966.2 68.5016033 2063.08661 284.304334 0.7 7966.2 68.5016033
322.5 5506.12713 137.997671 0.7 7966.2 68.4131368 2075.56056 284.579427 0.7 7966.2 68.4131368
323 5481.21842 138.716203 0.7 7966.2 68.3271648 2088.2914 284.856843 0.7 7966.2 68.3271648
323.5 5456.20019 139.432506 0.7 7966.2 68.2435712 2101.27187 285.1366 0.7 7966.2 68.2435712
324 5431.0744 140.146556 0.7 7966.2 68.1622467 2114.49527 285.418717 0.7 7966.2 68.1622467
324.5 5405.84313 140.858328 0.7 7966.2 68.0830886 2127.95539 285.703214 0.7 7966.2 68.0830886
325 5380.50861 141.5678 0.7 7966.2 68.0060001 2141.64648 285.99011 0.7 7966.2 68.0060001
325.5 5355.07316 142.274947 0.7 7966.2 67.9308902 2155.56324 286.279424 0.7 7966.2 67.9308902
326 5329.5392 142.979745 0.7 7966.2 67.8576728 2169.70072 286.571175 0.7 7966.2 67.8576728
326.5 5303.90928 143.682172 0.7 7966.2 67.7862669 2184.05437 286.865383 0.7 7966.2 67.7862669
327 5278.18602 144.382204 0.7 7966.2 67.7165956 2198.61994 287.162069 0.7 7966.2 67.7165956
327.5 5252.37211 145.079818 0.7 7966.2 67.6485866 2213.3935 287.461251 0.7 7966.2 67.6485866
328 5226.47032 145.774991 0.7 7966.2 67.5821713 2228.37136 287.762949 0.7 7966.2 67.5821713
328.5 5200.48351 146.467699 0.7 7966.2 67.5172846 2243.55013 288.067184 0.7 7966.2 67.5172846
329 5174.41457 147.15792 0.7 7966.2 67.4538651 2258.92663 288.373975 0.7 7966.2 67.4538651
329.5 5148.26646 147.845631 0.7 7966.2 67.3918543 2274.49789 288.683343 0.7 7966.2 67.3918543
330 5122.0422 148.53081 0.7 7966.2 67.3311968 2290.26115 288.995307 0.7 7966.2 67.3311968
330.5 5095.74484 149.213433 0.7 7966.2 67.2718399 2306.21382 289.309888 0.7 7966.2 67.2718399
331 5069.37748 149.893479 0.7 7966.2 67.2137338 2322.35349 289.627104 0.7 7966.2 67.2137338
331.5 5042.94326 150.570926 0.7 7966.2 67.1568306 2338.67788 289.946977 0.7 7966.2 67.1568306
332 5016.44536 151.245751 0.7 7966.2 67.1010853 2355.18488 290.269526 0.7 7966.2 67.1010853
332.5 4989.88697 151.917933 0.7 7966.2 67.0464547 2371.87248 290.594771 0.7 7966.2 67.0464547
333 4963.27133 152.58745 0.7 7966.2 66.9928977 2388.7388 290.922732 0.7 7966.2 66.9928977
333.5 4936.60168 153.25428 0.7 7966.2 66.9403751 2405.78208 291.253429 0.7 7966.2 66.9403751
334 4909.88131 153.918402 0.7 7966.2 66.8888495 2423.00062 291.58688 0.7 7966.2 66.8888495
334.5 4883.1135 154.579794 0.7 7966.2 66.8382854 2440.39286 291.923106 0.7 7966.2 66.8382854
335 4856.30156 155.238436 0.7 7966.2 66.7886486 2457.95728 292.262127 0.7 7966.2 66.7886486
335.5 4829.4488 155.894307 0.7 7966.2 66.7399065 2475.69244 292.60396 0.7 7966.2 66.7399065
336 4802.55857 156.547387 0.7 7966.2 66.692028 2493.59699 292.948626 0.7 7966.2 66.692028
336.5 4775.63418 157.197654 0.7 7966.2 66.6449834 2511.66962 293.296144 0.7 7966.2 66.6449834
337 4748.67899 157.845088 0.7 7966.2 66.5987441 2529.90907 293.646532 0.7 7966.2 66.5987441
337.5 4721.69633 158.489671 0.7 7966.2 66.5532828 2548.31414 293.999809 0.7 7966.2 66.5532828
338 4694.68954 159.131381 0.7 7966.2 66.5085734 2566.88366 294.355993 0.7 7966.2 66.5085734
338.5 4667.66197 159.7702 0.7 7966.2 66.4645907 2585.61652 294.715103 0.7 7966.2 66.4645907
339 4640.61696 160.406108 0.7 7966.2 66.4213106 2604.51161 295.077157 0.7 7966.2 66.4213106
339.5 4613.55783 161.039086 0.7 7966.2 66.3787102 2623.56787 295.442173 0.7 7966.2 66.3787102
340 4586.4879 161.669116 0.7 7966.2 66.3367672 2642.78425 295.810168 0.7 7966.2 66.3367672
340.5 4559.4105 162.29618 0.7 7966.2 66.2954603 2662.15973 296.181159 0.7 7966.2 66.2954603
341 4532.32892 162.920258 0.7 7966.2 66.2547691 2681.6933 296.555165 0.7 7966.2 66.2547691
341.5 4505.24645 163.541334 0.7 7966.2 66.2146738 2701.38396 296.932201 0.7 7966.2 66.2146738
342 4478.16637 164.15939 0.7 7966.2 66.1751555 2721.23073 297.312285 0.7 7966.2 66.1751555
342.5 4451.09193 164.774408 0.7 7966.2 66.1361961 2741.23261 297.695432 0.7 7966.2 66.1361961
343 4424.02637 165.386372 0.7 7966.2 66.0977779 2761.38863 298.081659 0.7 7966.2 66.0977779
343.5 4396.97292 165.995266 0.7 7966.2 66.059884 2781.6978 298.470981 0.7 7966.2 66.059884
344 4369.93477 166.601073 0.7 7966.2 66.0224983 2802.15912 298.863414 0.7 7966.2 66.0224983
344.5 4342.91509 167.203777 0.7 7966.2 65.9856049 2822.77161 299.258973 0.7 7966.2 65.9856049
345 4315.91704 167.803364 0.7 7966.2 65.9491887 2843.53426 299.657672 0.7 7966.2 65.9491887
345.5 4288.94374 168.399817 0.7 7966.2 65.9132352 2864.44606 300.059526 0.7 7966.2 65.9132352
346 4261.9983 168.993123 0.7 7966.2 65.8777302 2885.50596 300.464549 0.7 7966.2 65.8777302
346.5 4235.08377 169.583267 0.7 7966.2 65.8426601 2906.71293 300.872754 0.7 7966.2 65.8426601
347 4208.20322 170.170235 0.7 7966.2 65.8080117 2928.0659 301.284155 0.7 7966.2 65.8080117
347.5 4181.35963 170.754013 0.7 7966.2 65.7737723 2949.56379 301.698764 0.7 7966.2 65.7737723
348 4154.556 171.33459 0.7 7966.2 65.7399297 2971.20548 302.116594 0.7 7966.2 65.7399297
348.5 4127.79526 171.911952 0.7 7966.2 65.7064718 2992.98985 302.537657 0.7 7966.2 65.7064718
349 4101.08033 172.486087 0.7 7966.2 65.6733873 3014.91573 302.961965 0.7 7966.2 65.6733873
349.5 4074.41408 173.056983 0.7 7966.2 65.6406648 3036.98195 303.389528 0.7 7966.2 65.6406648
350 4047.79936 173.62463 0.7 7966.2 65.6082938 3059.18728 303.820358 0.7 7966.2 65.6082938
350.5 4021.23895 174.189016 0.7 7966.2 65.5762636 3081.5305 304.254464 0.7 7966.2 65.5762636
351 3994.73563 174.750131 0.7 7966.2 65.5445642 3104.01031 304.691857 0.7 7966.2 65.5445642
351.5 3968.29211 175.307965 0.7 7966.2 65.5131858 3126.62541 305.132546 0.7 7966.2 65.5131858
352 3941.91108 175.862509 0.7 7966.2 65.4821187 3149.37445 305.576539 0.7 7966.2 65.4821187
352.5 3915.59517 176.413754 0.7 7966.2 65.4513537 3172.25607 306.023846 0.7 7966.2 65.4513537
353 3889.347 176.961692 0.7 7966.2 65.4208819 3195.26884 306.474473 0.7 7966.2 65.4208819
353.5 3863.1691 177.506315 0.7 7966.2 65.3906945 3218.41132 306.92843 0.7 7966.2 65.3906945
354 3837.06399 178.047615 0.7 7966.2 65.360783 3241.682 307.385722 0.7 7966.2 65.360783
354.5 3811.03415 178.585586 0.7 7966.2 65.3311392 3265.07936 307.846356 0.7 7966.2 65.3311392
355 3785.08198 179.120221 0.7 7966.2 65.3017551 3288.60183 308.310337 0.7 7966.2 65.3017551
355.5 3759.20987 179.651514 0.7 7966.2 65.2726228 3312.2478 308.777672 0.7 7966.2 65.2726228
356 3733.42014 180.179461 0.7 7966.2 65.2437348 3336.01562 309.248366 0.7 7966.2 65.2437348
356.5 3707.71508 180.704056 0.7 7966.2 65.2150837 3359.90358 309.722422 0.7 7966.2 65.2150837
357 3682.09692 181.225296 0.7 7966.2 65.1866623 3383.90995 310.199844 0.7 7966.2 65.1866623
357.5 3656.56784 181.743177 0.7 7966.2 65.1584636 3408.03294 310.680637 0.7 7966.2 65.1584636
358 3631.12998 182.257694 0.7 7966.2 65.1304807 3432.27073 311.164802 0.7 7966.2 65.1304807
358.5 3605.78544 182.768847 0.7 7966.2 65.102707 3456.62145 311.652341 0.7 7966.2 65.102707
359 3580.53624 183.276633 0.7 7966.2 65.0751359 3481.08318 312.143258 0.7 7966.2 65.0751359
359.5 3555.38437 183.78105 0.7 7966.2 65.0477612 3505.65396 312.637553 0.7 7966.2 65.0477612
