nu dvA wA eA rpA iA dvB wB eB rpB iB
0 3510.29217 185.573436 0.7 7966.2 64 3510.29217 314.426564 0.7 7966.2 64
0.5 3485.33322 186.071749 0.7 7966.2 64 3535.34948 314.928251 0.7 7966.2 64
1 3460.47448 186.566687 0.7 7966.2 64 3560.50323 315.433313 0.7 7966.2 64
1.5 3435.71777 187.058253 0.7 7966.2 64 3585.75143 315.941747 0.7 7966.2 64
2 3411.06485 187.546446 0.7 7966.2 64 3611.09208 316.453554 0.7 7966.2 64
2.5 3386.51744 188.03127 0.7 7966.2 64 3636.5231 316.96873 0.7 7966.2 64
3 3362.07718 188.512726 0.7 7966.2 64 3662.04235 317.487274 0.7 7966.2 64
3.5 3337.74568 188.990817 0.7 7966.2 64 3687.64766 318.009183 0.7 7966.2 64
4 3313.52448 189.465548 0.7 7966.2 64 3713.33681 318.534452 0.7 7966.2 64
4.5 3289.41509 189.936921 0.7 7966.2 64 3739.10751 319.063079 0.7 7966.2 64
5 3265.41894 190.404942 0.7 7966.2 64 3764.95743 319.595058 0.7 7966.2 64
5.5 3241.53744 190.869615 0.7 7966.2 64 3790.8842 320.130385 0.7 7966.2 64
6 3217.77191 191.330947 0.7 7966.2 64 3816.88538 320.669053 0.7 7966.2 64
6.5 3194.12365 191.788942 0.7 7966.2 64 3842.9585 321.211058 0.7 7966.2 64
7 3170.5939 192.243609 0.7 7966.2 64 3869.10103 321.756391 0.7 7966.2 64
7.5 3147.18383 192.694954 0.7 7966.2 64 3895.31039 322.305046 0.7 7966.2 64
8 3123.89459 193.142985 0.7 7966.2 64 3921.58398 322.857015 0.7 7966.2 64
8.5 3100.72726 193.58771 0.7 7966.2 64 3947.91912 323.41229 0.7 7966.2 64
9 3077.68287 194.029137 0.7 7966.2 64 3974.3131 323.970863 0.7 7966.2 64
9.5 3054.7624 194.467276 0.7 7966.2 64 4000.76315 324.532724 0.7 7966.2 64
10 3031.96678 194.902136 0.7 7966.2 64 4027.26649 325.097864 0.7 7966.2 64
10.5 3009.29692 195.333728 0.7 7966.2 64 4053.82026 325.666272 0.7 7966.2 64
11 2986.75363 195.762061 0.7 7966.2 64 4080.42158 326.237939 0.7 7966.2 64
11.5 2964.33771 196.187147 0.7 7966.2 64 4107.06751 326.812853 0.7 7966.2 64
12 2942.0499 196.608998 0.7 7966.2 64 4133.75509 327.391002 0.7 7966.2 64
12.5 2919.89089 197.027625 0.7 7966.2 64 4160.4813 327.972375 0.7 7966.2 64
13 2897.86134 197.44304 0.7 7966.2 64 4187.24309 328.55696 0.7 7966.2 64
13.5 2875.96185 197.855256 0.7 7966.2 64 4214.03738 329.144744 0.7 7966.2 64
14 2854.19297 198.264287 0.7 7966.2 64 4240.86104 329.735713 0.7 7966.2 64
14.5 2832.55522 198.670145 0.7 7966.2 64 4267.7109 330.329855 0.7 7966.2 64
15 2811.04908 199.072846 0.7 7966.2 64 4294.58376 330.927154 0.7 7966.2 64
15.5 2789.67497 199.472402 0.7 7966.2 64 4321.4764 331.527598 0.7 7966.2 64
16 2768.43327 199.868829 0.7 7966.2 64 4348.38555 332.131171 0.7 7966.2 64
16.5 2747.32433 200.262142 0.7 7966.2 64 4375.3079 332.737858 0.7 7966.2 64
17 2726.34845 200.652357 0.7 7966.2 64 4402.24012 333.347643 0.7 7966.2 64
17.5 2705.50591 201.039488 0.7 7966.2 64 4429.17886 333.960512 0.7 7966.2 64
18 2684.79692 201.423552 0.7 7966.2 64 4456.12072 334.576448 0.7 7966.2 64
18.5 2664.22167 201.804566 0.7 7966.2 64 4483.06228 335.195434 0.7 7966.2 64
19 2643.78032 202.182547 0.7 7966.2 64 4510.00009 335.817453 0.7 7966.2 64
19.5 2623.47296 202.55751 0.7 7966.2 64 4536.93069 336.44249 0.7 7966.2 64
20 2603.29969 202.929474 0.7 7966.2 64 4563.85057 337.070526 0.7 7966.2 64
20.5 2583.26054 203.298457 0.7 7966.2 64 4590.7562 337.701543 0.7 7966.2 64
21 2563.35553 203.664476 0.7 7966.2 64 4617.64405 338.335524 0.7 7966.2 64
21.5 2543.58462 204.027548 0.7 7966.2 64 4644.51055 338.972452 0.7 7966.2 64
22 2523.94776 204.387694 0.7 7966.2 64 4671.3521 339.612306 0.7 7966.2 64
22.5 2504.44485 204.744931 0.7 7966.2 64 4698.1651 340.255069 0.7 7966.2 64
23 2485.07579 205.099278 0.7 7966.2 64 4724.94591 340.900722 0.7 7966.2 64
23.5 2465.84041 205.450755 0.7 7966.2 64 4751.69091 341.549245 0.7 7966.2 64
24 2446.73853 205.79938 0.7 7966.2 64 4778.39641 342.20062 0.7 7966.2 64
24.5 2427.76996 206.145174 0.7 7966.2 64 4805.05876 342.854826 0.7 7966.2 64
25 2408.93445 206.488155 0.7 7966.2 64 4831.67425 343.511845 0.7 7966.2 64
25.5 2390.23174 206.828344 0.7 7966.2 64 4858.23917 344.171656 0.7 7966.2 64
26 2371.66154 207.165761 0.7 7966.2 64 4884.74983 344.834239 0.7 7966.2 64
26.5 2353.22354 207.500426 0.7 7966.2 64 4911.20248 345.499574 0.7 7966.2 64
27 2334.9174 207.832359 0.7 7966.2 64 4937.59339 346.167641 0.7 7966.2 64
27.5 2316.74276 208.161581 0.7 7966.2 64 4963.91881 346.838419 0.7 7966.2 64
28 2298.69923 208.488113 0.7 7966.2 64 4990.17499 347.511887 0.7 7966.2 64
28.5 2280.78642 208.811974 0.7 7966.2 64 5016.35816 348.188026 0.7 7966.2 64
29 2263.00389 209.133188 0.7 7966.2 64 5042.46457 348.866812 0.7 7966.2 64
29.5 2245.35119 209.451773 0.7 7966.2 64 5068.49043 349.548227 0.7 7966.2 64
30 2227.82787 209.767751 0.7 7966.2 64 5094.43198 350.232249 0.7 7966.2 64
30.5 2210.43343 210.081144 0.7 7966.2 64 5120.28543 350.918856 0.7 7966.2 64
31 2193.16737 210.391972 0.7 7966.2 64 5146.047 351.608028 0.7 7966.2 64
31.5 2176.02917 210.700257 0.7 7966.2 64 5171.71292 352.299743 0.7 7966.2 64
32 2159.0183 211.006021 0.7 7966.2 64 5197.2794 352.993979 0.7 7966.2 64
32.5 2142.13419 211.309284 0.7 7966.2 64 5222.74266 353.690716 0.7 7966.2 64
33 2125.37629 211.610068 0.7 7966.2 64 5248.09893 354.389932 0.7 7966.2 64
33.5 2108.74401 211.908394 0.7 7966.2 64 5273.34443 355.091606 0.7 7966.2 64
34 2092.23676 212.204285 0.7 7966.2 64 5298.4754 355.795715 0.7 7966.2 64
34.5 2075.85392 212.497761 0.7 7966.2 64 5323.48806 356.502239 0.7 7966.2 64
35 2059.59488 212.788845 0.7 7966.2 64 5348.37866 357.211155 0.7 7966.2 64
35.5 2043.459 213.077557 0.7 7966.2 64 5373.14345 357.922443 0.7 7966.2 64
36 2027.44563 213.363919 0.7 7966.2 64 5397.77868 358.636081 0.7 7966.2 64
36.5 2011.55413 213.647953 0.7 7966.2 64 5422.28061 359.352047 0.7 7966.2 64
37 1995.78382 213.92968 0.7 7966.2 64 5446.64552 0.0703196757 0.7 7966.2 64
37.5 1980.13404 214.209122 0.7 7966.2 64 5470.86969 0.790877665 0.7 7966.2 64
38 1964.6041 214.486301 0.7 7966.2 64 5494.94942 1.51369943 0.7 7966.2 64
38.5 1949.19332 214.761236 0.7 7966.2 64 5518.881 2.23876354 0.7 7966.2 64
39 1933.90098 215.033951 0.7 7966.2 64 5542.66076 2.96604859 0.7 7966.2 64
39.5 1918.7264 215.304467 0.7 7966.2 64 5566.28503 3.69553325 0.7 7966.2 64
40 1903.66885 215.572804 0.7 7966.2 64 5589.75016 4.42719621 0.7 7966.2 64
40.5 1888.72762 215.838984 0.7 7966.2 64 5613.0525 5.16101624 0.7 7966.2 64
41 1873.90199 216.103028 0.7 7966.2 64 5636.18843 5.89697216 0.7 7966.2 64
41.5 1859.19122 216.364957 0.7 7966.2 64 5659.15434 6.63504285 0.7 7966.2 64
42 1844.5946 216.624793 0.7 7966.2 64 5681.94665 7.37520728 0.7 7966.2 64
42.5 1830.11137 216.882556 0.7 7966.2 64 5704.56177 8.11744448 0.7 7966.2 64
43 1815.7408 217.138266 0.7 7966.2 64 5726.99615 8.86173358 0.7 7966.2 64
43.5 1801.48214 217.391946 0.7 7966.2 64 5749.24625 9.60805376 0.7 7966.2 64
44 1787.33466 217.643616 0.7 7966.2 64 5771.30856 10.3563843 0.7 7966.2 64
44.5 1773.2976 217.893295 0.7 7966.2 64 5793.17958 11.1067046 0.7 7966.2 64
45 1759.37021 218.141006 0.7 7966.2 64 5814.85584 11.8589942 0.7 7966.2 64
45.5 1745.55174 218.386767 0.7 7966.2 64 5836.33387 12.6132326 0.7 7966.2 64
46 1731.84144 218.630601 0.7 7966.2 64 5857.61025 13.3693994 0.7 7966.2 64
46.5 1718.23855 218.872525 0.7 7966.2 64 5878.68156 14.1274746 0.7 7966.2 64
47 1704.74233 219.112562 0.7 7966.2 64 5899.54441 14.8874379 0.7 7966.2 64
47.5 1691.352 219.350731 0.7 7966.2 64 5920.19545 15.6492694 0.7 7966.2 64
48 1678.06683 219.587051 0.7 7966.2 64 5940.63133 16.4129493 0.7 7966.2 64
48.5 1664.88606 219.821542 0.7 7966.2 64 5960.84873 17.1784576 0.7 7966.2 64
49 1651.80893 220.054225 0.7 7966.2 64 5980.84436 17.9457749 0.7 7966.2 64
49.5 1638.83469 220.285118 0.7 7966.2 64 6000.61497 18.7148816 0.7 7966.2 64
50 1625.9626 220.514242 0.7 7966.2 64 6020.15731 19.4857582 0.7 7966.2 64
50.5 1613.19191 220.741614 0.7 7966.2 64 6039.46816 20.2583856 0.7 7966.2 64
51 1600.52186 220.967255 0.7 7966.2 64 6058.54434 21.0327446 0.7 7966.2 64
51.5 1587.95172 221.191184 0.7 7966.2 64 6077.38269 21.8088161 0.7 7966.2 64
52 1575.48073 221.413419 0.7 7966.2 64 6095.98009 22.5865813 0.7 7966.2 64
52.5 1563.10818 221.633979 0.7 7966.2 64 6114.33342 23.3660215 0.7 7966.2 64
53 1550.8333 221.852882 0.7 7966.2 64 6132.43962 24.1471179 0.7 7966.2 64
53.5 1538.65539 222.070148 0.7 7966.2 64 6150.29564 24.9298523 0.7 7966.2 64
54 1526.57369 222.285794 0.7 7966.2 64 6167.89845 25.7142062 0.7 7966.2 64
54.5 1514.58749 222.499839 0.7 7966.2 64 6185.24509 26.5001613 0.7 7966.2 64
55 1502.69607 222.7123 0.7 7966.2 64 6202.33259 27.2876997 0.7 7966.2 64
55.5 1490.89869 222.923197 0.7 7966.2 64 6219.15802 28.0768035 0.7 7966.2 64
56 1479.19466 223.132545 0.7 7966.2 64 6235.71849 28.8674547 0.7 7966.2 64
56.5 1467.58326 223.340364 0.7 7966.2 64 6252.01113 29.6596359 0.7 7966.2 64
57 1456.06378 223.546671 0.7 7966.2 64 6268.03312 30.4533294 0.7 7966.2 64
57.5 1444.63551 223.751482 0.7 7966.2 64 6283.78164 31.2485179 0.7 7966.2 64
58 1433.29777 223.954816 0.7 7966.2 64 6299.25394 32.0451843 0.7 7966.2 64
58.5 1422.04986 224.156689 0.7 7966.2 64 6314.44728 32.8433114 0.7 7966.2 64
59 1410.89109 224.357118 0.7 7966.2 64 6329.35894 33.6428822 0.7 7966.2 64
59.5 1399.82078 224.55612 0.7 7966.2 64 6343.98626 34.44388 0.7 7966.2 64
60 1388.83825 224.753712 0.7 7966.2 64 6358.32661 35.2462882 0.7 7966.2 64
60.5 1377.94282 224.94991 0.7 7966.2 64 6372.37736 36.0500902 0.7 7966.2 64
61 1367.13384 225.14473 0.7 7966.2 64 6386.13596 36.8552696 0.7 7966.2 64
61.5 1356.41063 225.33819 0.7 7966.2 64 6399.59987 37.6618103 0.7 7966.2 64
62 1345.77255 225.530304 0.7 7966.2 64 6412.76657 38.4696961 0.7 7966.2 64
62.5 1335.21893 225.721089 0.7 7966.2 64 6425.63361 39.2789112 0.7 7966.2 64
63 1324.74914 225.91056 0.7 7966.2 64 6438.19854 40.0894396 0.7 7966.2 64
63.5 1314.36253 226.098734 0.7 7966.2 64 6450.45897 40.9012657 0.7 7966.2 64
64 1304.05848 226.285626 0.7 7966.2 64 6462.41252 41.714374 0.7 7966.2 64
64.5 1293.83635 226.471251 0.7 7966.2 64 6474.05687 42.5287492 0.7 7966.2 64
65 1283.69552 226.655624 0.7 7966.2 64 6485.38973 43.3443759 0.7 7966.2 64
65.5 1273.63537 226.838761 0.7 7966.2 64 6496.40882 44.1612392 0.7 7966.2 64
66 1263.6553 227.020676 0.7 7966.2 64 6507.11194 44.9793238 0.7 7966.2 64
66.5 1253.75469 227.201385 0.7 7966.2 64 6517.49688 45.7986152 0.7 7966.2 64
67 1243.93296 227.380901 0.7 7966.2 64 6527.56149 46.6190985 0.7 7966.2 64
67.5 1234.18951 227.559241 0.7 7966.2 64 6537.30367 47.4407592 0.7 7966.2 64
68 1224.52375 227.736417 0.7 7966.2 64 6546.72132 48.2635828 0.7 7966.2 64
68.5 1214.9351 227.912445 0.7 7966.2 64 6555.81241 49.0875551 0.7 7966.2 64
69 1205.423 228.087338 0.7 7966.2 64 6564.57492 49.9126619 0.7 7966.2 64
69.5 1195.98686 228.261111 0.7 7966.2 64 6573.00688 50.7388891 0.7 7966.2 64
70 1186.62614 228.433777 0.7 7966.2 64 6581.10637 51.5662229 0.7 7966.2 64
70.5 1177.34028 228.605351 0.7 7966.2 64 6588.87147 52.3946494 0.7 7966.2 64
71 1168.12872 228.775845 0.7 7966.2 64 6596.30034 53.224155 0.7 7966.2 64
71.5 1158.99093 228.945274 0.7 7966.2 64 6603.39114 54.0547261 0.7 7966.2 64
72 1149.92637 229.113651 0.7 7966.2 64 6610.1421 54.8863494 0.7 7966.2 64
72.5 1140.93451 229.280988 0.7 7966.2 64 6616.55146 55.7190116 0.7 7966.2 64
73 1132.01482 229.447301 0.7 7966.2 64 6622.6175 56.5526995 0.7 7966.2 64
73.5 1123.1668 229.6126 0.7 7966.2 64 6628.33857 57.3874001 0.7 7966.2 64
74 1114.38993 229.7769 0.7 7966.2 64 6633.71301 58.2231004 0.7 7966.2 64
74.5 1105.6837 229.940212 0.7 7966.2 64 6638.73924 59.0597876 0.7 7966.2 64
75 1097.04763 230.102551 0.7 7966.2 64 6643.41569 59.8974491 0.7 7966.2 64
75.5 1088.4812 230.263928 0.7 7966.2 64 6647.74083 60.7360724 0.7 7966.2 64
76 1079.98395 230.424355 0.7 7966.2 64 6651.71319 61.5756448 0.7 7966.2 64
76.5 1071.5554 230.583846 0.7 7966.2 64 6655.33131 62.4161541 0.7 7966.2 64
77 1063.19506 230.742412 0.7 7966.2 64 6658.59379 63.2575881 0.7 7966.2 64
77.5 1054.90248 230.900065 0.7 7966.2 64 6661.49925 64.0999346 0.7 7966.2 64
78 1046.67719 231.056818 0.7 7966.2 64 6664.04637 64.9431816 0.7 7966.2 64
78.5 1038.51874 231.212683 0.7 7966.2 64 6666.23384 65.7873172 0.7 7966.2 64
79 1030.42669 231.36767 0.7 7966.2 64 6668.06042 66.6323296 0.7 7966.2 64
79.5 1022.40059 231.521793 0.7 7966.2 64 6669.52488 67.4782071 0.7 7966.2 64
80 1014.44001 231.675062 0.7 7966.2 64 6670.62605 68.324938 0.7 7966.2 64
80.5 1006.54452 231.827489 0.7 7966.2 64 6671.36279 69.1725109 0.7 7966.2 64
81 998.7137 231.979086 0.7 7966.2 64 6671.73399 70.0209144 0.7 7966.2 64
81.5 990.947133 232.129863 0.7 7966.2 64 6671.73858 70.8701372 0.7 7966.2 64
82 983.24441 232.279832 0.7 7966.2 64 6671.37556 71.720168 0.7 7966.2 64
82.5 975.605128 232.429004 0.7 7966.2 64 6670.64392 72.5709957 0.7 7966.2 64
83 968.028889 232.577391 0.7 7966.2 64 6669.54272 73.4226094 0.7 7966.2 64
83.5 960.515305 232.725002 0.7 7966.2 64 6668.07106 74.274998 0.7 7966.2 64
84 953.063989 232.871849 0.7 7966.2 64 6666.22805 75.1281507 0.7 7966.2 64
84.5 945.674565 233.017943 0.7 7966.2 64 6664.01289 75.9820568 0.7 7966.2 64
85 938.34666 233.163294 0.7 7966.2 64 6661.42475 76.8367056 0.7 7966.2 64
85.5 931.079908 233.307914 0.7 7966.2 64 6658.46291 77.6920864 0.7 7966.2 64
86 923.87395 233.451811 0.7 7966.2 64 6655.12664 78.5481888 0.7 7966.2 64
86.5 916.728433 233.594998 0.7 7966.2 64 6651.41526 79.4050023 0.7 7966.2 64
87 909.643009 233.737483 0.7 7966.2 64 6647.32814 80.2625166 0.7 7966.2 64
87.5 902.617338 233.879279 0.7 7966.2 64 6642.86468 81.1207214 0.7 7966.2 64
88 895.651084 234.020393 0.7 7966.2 64 6638.02433 81.9796065 0.7 7966.2 64
88.5 888.74392 234.160838 0.7 7966.2 64 6632.80655 82.8391618 0.7 7966.2 64
89 881.895521 234.300623 0.7 7966.2 64 6627.21088 83.6993771 0.7 7966.2 64
89.5 875.105573 234.439757 0.7 7966.2 64 6621.23687 84.5602425 0.7 7966.2 64
90 868.373765 234.578252 0.7 7966.2 64 6614.88412 85.4217482 0.7 7966.2 64
90.5 861.699793 234.716116 0.7 7966.2 64 6608.15225 86.2838841 0.7 7966.2 64
91 855.083358 234.85336 0.7 7966.2 64 6601.04096 87.1466405 0.7 7966.2 64
91.5 848.524171 234.989992 0.7 7966.2 64 6593.54995 88.0100077 0.7 7966.2 64
92 842.021944 235.126024 0.7 7966.2 64 6585.67897 88.8739759 0.7 7966.2 64
92.5 835.576398 235.261464 0.7 7966.2 64 6577.42782 89.7385357 0.7 7966.2 64
93 829.187261 235.396323 0.7 7966.2 64 6568.79634 90.6036773 0.7 7966.2 64
93.5 822.854265 235.530609 0.7 7966.2 64 6559.78438 91.4693913 0.7 7966.2 64
94 816.57715 235.664332 0.7 7966.2 64 6550.39186 92.3356682 0.7 7966.2 64
94.5 810.355661 235.797501 0.7 7966.2 64 6540.61873 93.2024987 0.7 7966.2 64
95 804.18955 235.930127 0.7 7966.2 64 6530.46498 94.0698732 0.7 7966.2 64
95.5 798.078574 236.062217 0.7 7966.2 64 6519.93063 94.9377826 0.7 7966.2 64
96 792.022498 236.193783 0.7 7966.2 64 6509.01575 95.8062175 0.7 7966.2 64
96.5 786.021092 236.324831 0.7 7966.2 64 6497.72045 96.6751687 0.7 7966.2 64
97 780.074133 236.455373 0.7 7966.2 64 6486.04486 97.5446269 0.7 7966.2 64
97.5 774.181405 236.585417 0.7 7966.2 64 6473.98918 98.4145831 0.7 7966.2 64
98 768.342696 236.714972 0.7 7966.2 64 6461.55362 99.2850281 0.7 7966.2 64
98.5 762.557803 236.844047 0.7 7966.2 64 6448.73845 100.155953 0.7 7966.2 64
99 756.826528 236.972652 0.7 7966.2 64 6435.54397 101.027348 0.7 7966.2 64
99.5 751.148679 237.100795 0.7 7966.2 64 6421.97051 101.899205 0.7 7966.2 64
100 745.524073 237.228486 0.7 7966.2 64 6408.01846 102.771514 0.7 7966.2 64
100.5 739.952531 237.355733 0.7 7966.2 64 6393.68824 103.644267 0.7 7966.2 64
101 734.433882 237.482545 0.7 7966.2 64 6378.98029 104.517455 0.7 7966.2 64
101.5 728.967961 237.608932 0.7 7966.2 64 6363.89513 105.391068 0.7 7966.2 64
102 723.554609 237.734903 0.7 7966.2 64 6348.43328 106.265097 0.7 7966.2 64
102.5 718.193676 237.860465 0.7 7966.2 64 6332.59532 107.139535 0.7 7966.2 64
103 712.885018 237.985629 0.7 7966.2 64 6316.38187 108.014371 0.7 7966.2 64
103.5 707.628496 238.110403 0.7 7966.2 64 6299.79358 108.889597 0.7 7966.2 64
104 702.42398 238.234796 0.7 7966.2 64 6282.83113 109.765204 0.7 7966.2 64
104.5 697.271347 238.358817 0.7 7966.2 64 6265.49527 110.641183 0.7 7966.2 64
105 692.170481 238.482475 0.7 7966.2 64 6247.78677 111.517525 0.7 7966.2 64
105.5 687.121272 238.605778 0.7 7966.2 64 6229.70643 112.394222 0.7 7966.2 64
106 682.123619 238.728737 0.7 7966.2 64 6211.25511 113.271263 0.7 7966.2 64
106.5 677.177427 238.851359 0.7 7966.2 64 6192.4337 114.148641 0.7 7966.2 64
107 672.28261 238.973654 0.7 7966.2 64 6173.24312 115.026346 0.7 7966.2 64
107.5 667.439089 239.09563 0.7 7966.2 64 6153.68434 115.90437 0.7 7966.2 64
108 662.646792 239.217297 0.7 7966.2 64 6133.75838 116.782703 0.7 7966.2 64
108.5 657.905657 239.338664 0.7 7966.2 64 6113.46628 117.661336 0.7 7966.2 64
109 653.215626 239.45974 0.7 7966.2 64 6092.80913 118.54026 0.7 7966.2 64
109.5 648.576654 239.580533 0.7 7966.2 64 6071.78805 119.419467 0.7 7966.2 64
110 643.988701 239.701053 0.7 7966.2 64 6050.40422 120.298947 0.7 7966.2 64
110.5 639.451737 239.82131 0.7 7966.2 64 6028.65884 121.17869 0.7 7966.2 64
111 634.965739 239.941311 0.7 7966.2 64 6006.55316 122.058689 0.7 7966.2 64
111.5 630.530695 240.061067 0.7 7966.2 64 5984.08846 122.938933 0.7 7966.2 64
112 626.1466 240.180587 0.7 7966.2 64 5961.26607 123.819413 0.7 7966.2 64
112.5 621.813459 240.299881 0.7 7966.2 64 5938.08736 124.700119 0.7 7966.2 64
113 617.531286 240.418956 0.7 7966.2 64 5914.55374 125.581044 0.7 7966.2 64
113.5 613.300106 240.537824 0.7 7966.2 64 5890.66666 126.462176 0.7 7966.2 64
114 609.11995 240.656494 0.7 7966.2 64 5866.4276 127.343506 0.7 7966.2 64
114.5 604.990864 240.774975 0.7 7966.2 64 5841.83809 128.225025 0.7 7966.2 64
115 600.9129 240.893276 0.7 7966.2 64 5816.89971 129.106724 0.7 7966.2 64
115.5 596.886122 241.011409 0.7 7966.2 64 5791.61406 129.988591 0.7 7966.2 64
116 592.910606 241.129382 0.7 7966.2 64 5765.9828 130.870618 0.7 7966.2 64
116.5 588.986436 241.247206 0.7 7966.2 64 5740.00762 131.752794 0.7 7966.2 64
117 585.113711 241.36489 0.7 7966.2 64 5713.69025 132.63511 0.7 7966.2 64
117.5 581.292537 241.482446 0.7 7966.2 64 5687.03248 133.517554 0.7 7966.2 64
118 577.523037 241.599882 0.7 7966.2 64 5660.03612 134.400118 0.7 7966.2 64
118.5 573.805342 241.71721 0.7 7966.2 64 5632.70303 135.28279 0.7 7966.2 64
119 570.139598 241.834441 0.7 7966.2 64 5605.03512 136.165559 0.7 7966.2 64
119.5 566.525962 241.951584 0.7 7966.2 64 5577.03432 137.048416 0.7 7966.2 64
120 562.964606 242.06865 0.7 7966.2 64 5548.70264 137.93135 0.7 7966.2 64
120.5 559.455715 242.185651 0.7 7966.2 64 5520.0421 138.814349 0.7 7966.2 64
121 555.999488 242.302598 0.7 7966.2 64 5491.05477 139.697402 0.7 7966.2 64
121.5 552.596139 242.419502 0.7 7966.2 64 5461.74277 140.580498 0.7 7966.2 64
122 549.245897 242.536374 0.7 7966.2 64 5432.10827 141.463626 0.7 7966.2 64
122.5 545.949005 242.653226 0.7 7966.2 64 5402.15348 142.346774 0.7 7966.2 64
123 542.705724 242.77007 0.7 7966.2 64 5371.88064 143.22993 0.7 7966.2 64
123.5 539.516331 242.886918 0.7 7966.2 64 5341.29205 144.113082 0.7 7966.2 64
124 536.381118 243.003782 0.7 7966.2 64 5310.39005 144.996218 0.7 7966.2 64
124.5 533.300398 243.120674 0.7 7966.2 64 5279.17704 145.879326 0.7 7966.2 64
125 530.274501 243.237607 0.7 7966.2 64 5247.65544 146.762393 0.7 7966.2 64
125.5 527.303774 243.354594 0.7 7966.2 64 5215.82775 147.645406 0.7 7966.2 64
126 524.388585 243.471649 0.7 7966.2 64 5183.69648 148.528351 0.7 7966.2 64
126.5 521.529324 243.588784 0.7 7966.2 64 5151.26422 149.411216 0.7 7966.2 64
127 518.7264 243.706013 0.7 7966.2 64 5118.53359 150.293987 0.7 7966.2 64
127.5 515.980243 243.823351 0.7 7966.2 64 5085.50727 151.176649 0.7 7966.2 64
128 513.291308 243.940811 0.7 7966.2 64 5052.18799 152.059189 0.7 7966.2 64
128.5 510.660072 244.058408 0.7 7966.2 64 5018.57851 152.941592 0.7 7966.2 64
129 508.087036 244.176157 0.7 7966.2 64 4984.68167 153.823843 0.7 7966.2 64
129.5 505.572728 244.294074 0.7 7966.2 64 4950.50035 154.705926 0.7 7966.2 64
130 503.1177 244.412173 0.7 7966.2 64 4916.03748 155.587827 0.7 7966.2 64
130.5 500.722532 244.530471 0.7 7966.2 64 4881.29604 156.469529 0.7 7966.2 64
131 498.387835 244.648984 0.7 7966.2 64 4846.27908 157.351016 0.7 7966.2 64
131.5 496.114246 244.767729 0.7 7966.2 64 4810.98969 158.232271 0.7 7966.2 64
132 493.902435 244.886723 0.7 7966.2 64 4775.43104 159.113277 0.7 7966.2 64
132.5 491.753102 245.005984 0.7 7966.2 64 4739.60632 159.994016 0.7 7966.2 64
133 489.666982 245.125531 0.7 7966.2 64 4703.51881 160.874469 0.7 7966.2 64
133.5 487.644844 245.24538 0.7 7966.2 64 4667.17185 161.75462 0.7 7966.2 64
134 485.687495 245.365553 0.7 7966.2 64 4630.56883 162.634447 0.7 7966.2 64
134.5 483.795776 245.486068 0.7 7966.2 64 4593.71319 163.513932 0.7 7966.2 64
135 481.970571 245.606946 0.7 7966.2 64 4556.60847 164.393054 0.7 7966.2 64
135.5 480.212803 245.728208 0.7 7966.2 64 4519.25825 165.271792 0.7 7966.2 64
136 478.523439 245.849875 0.7 7966.2 64 4481.66618 166.150125 0.7 7966.2 64
136.5 476.903489 245.971969 0.7 7966.2 64 4443.83598 167.028031 0.7 7966.2 64
137 475.354011 246.094513 0.7 7966.2 64 4405.77146 167.905487 0.7 7966.2 64
137.5 473.876112 246.21753 0.7 7966.2 64 4367.47646 168.78247 0.7 7966.2 64
138 472.470949 246.341046 0.7 7966.2 64 4328.95495 169.658954 0.7 7966.2 64
138.5 471.139733 246.465084 0.7 7966.2 64 4290.21093 170.534916 0.7 7966.2 64
139 469.883731 246.589671 0.7 7966.2 64 4251.24851 171.410329 0.7 7966.2 64
139.5 468.704266 246.714834 0.7 7966.2 64 4212.07186 172.285166 0.7 7966.2 64
140 467.602725 246.840599 0.7 7966.2 64 4172.68525 173.159401 0.7 7966.2 64
140.5 466.580557 246.966997 0.7 7966.2 64 4133.09303 174.033003 0.7 7966.2 64
141 465.639277 247.094055 0.7 7966.2 64 4093.29963 174.905945 0.7 7966.2 64
141.5 464.780471 247.221806 0.7 7966.2 64 4053.3096 175.778194 0.7 7966.2 64
142 464.005799 247.35028 0.7 7966.2 64 4013.12755 176.64972 0.7 7966.2 64
142.5 463.316995 247.47951 0.7 7966.2 64 3972.75822 177.52049 0.7 7966.2 64
143 462.715875 247.609531 0.7 7966.2 64 3932.20643 178.390469 0.7 7966.2 64
143.5 462.204338 247.740378 0.7 7966.2 64 3891.47711 179.259622 0.7 7966.2 64
144 461.784373 247.872086 0.7 7966.2 64 3850.57532 180.127914 0.7 7966.2 64
144.5 461.458059 248.004695 0.7 7966.2 64 3809.5062 180.995305 0.7 7966.2 64
145 461.227573 248.138244 0.7 7966.2 64 3768.27504 181.861756 0.7 7966.2 64
145.5 461.095193 248.272773 0.7 7966.2 64 3726.88723 182.727227 0.7 7966.2 64
146 461.063304 248.408325 0.7 7966.2 64 3685.34829 183.591675 0.7 7966.2 64
146.5 461.134402 248.544945 0.7 7966.2 64 3643.66389 184.455055 0.7 7966.2 64
147 461.311101 248.682678 0.7 7966.2 64 3601.83982 185.317322 0.7 7966.2 64
147.5 461.596137 248.821572 0.7 7966.2 64 3559.88201 186.178428 0.7 7966.2 64
148 461.992375 248.961676 0.7 7966.2 64 3517.79654 187.038324 0.7 7966.2 64
148.5 462.502816 249.103044 0.7 7966.2 64 3475.58967 187.896956 0.7 7966.2 64
149 463.130601 249.245728 0.7 7966.2 64 3433.2678 188.754272 0.7 7966.2 64
149.5 463.879023 249.389784 0.7 7966.2 64 3390.83748 189.610216 0.7 7966.2 64
150 464.751528 249.535272 0.7 7966.2 64 3348.30547 190.464728 0.7 7966.2 64
150.5 465.751727 249.682252 0.7 7966.2 64 3305.67869 191.317748 0.7 7966.2 64
151 466.883405 249.830788 0.7 7966.2 64 3262.96426 192.169212 0.7 7966.2 64
151.5 468.150524 249.980945 0.7 7966.2 64 3220.1695 193.019055 0.7 7966.2 64
152 469.557238 250.132794 0.7 7966.2 64 3177.30193 193.867206 0.7 7966.2 64
152.5 471.107898 250.286406 0.7 7966.2 64 3134.36929 194.713594 0.7 7966.2 64
153 472.807064 250.441856 0.7 7966.2 64 3091.37953 195.558144 0.7 7966.2 64
153.5 474.659511 250.599224 0.7 7966.2 64 3048.34087 196.400776 0.7 7966.2 64
154 476.670247 250.75859 0.7 7966.2 64 3005.26175 197.24141 0.7 7966.2 64
154.5 478.844515 250.920041 0.7 7966.2 64 2962.15086 198.079959 0.7 7966.2 64
155 481.187811 251.083666 0.7 7966.2 64 2919.01717 198.916334 0.7 7966.2 64
155.5 483.705892 251.249558 0.7 7966.2 64 2875.86993 199.750442 0.7 7966.2 64
156 486.404788 251.417815 0.7 7966.2 64 2832.71866 200.582185 0.7 7966.2 64
156.5 489.290816 251.588538 0.7 7966.2 64 2789.57322 201.411462 0.7 7966.2 64
157 492.370592 251.761834 0.7 7966.2 64 2746.44374 202.238166 0.7 7966.2 64
157.5 495.651042 251.937813 0.7 7966.2 64 2703.3407 203.062187 0.7 7966.2 64
158 499.139418 252.116593 0.7 7966.2 64 2660.27492 203.883407 0.7 7966.2 64
158.5 502.843308 252.298293 0.7 7966.2 64 2617.25756 204.701707 0.7 7966.2 64
159 506.770652 252.48304 0.7 7966.2 64 2574.30015 205.51696 0.7 7966.2 64
159.5 510.929754 252.670965 0.7 7966.2 64 2531.41461 206.329035 0.7 7966.2 64
160 515.329295 252.862207 0.7 7966.2 64 2488.61324 207.137793 0.7 7966.2 64
160.5 519.978345 253.056909 0.7 7966.2 64 2445.90873 207.943091 0.7 7966.2 64
161 524.886379 253.255221 0.7 7966.2 64 2403.31421 208.744779 0.7 7966.2 64
161.5 530.063283 253.457297 0.7 7966.2 64 2360.84323 209.542703 0.7 7966.2 64
162 535.51937 253.663301 0.7 7966.2 64 2318.50976 210.336699 0.7 7966.2 64
162.5 541.265389 253.873402 0.7 7966.2 64 2276.32824 211.126598 0.7 7966.2 64
163 547.312532 254.087775 0.7 7966.2 64 2234.31355 211.912225 0.7 7966.2 64
163.5 553.672443 254.306602 0.7 7966.2 64 2192.48106 212.693398 0.7 7966.2 64
164 560.357222 254.530075 0.7 7966.2 64 2150.84656 213.469925 0.7 7966.2 64
164.5 567.37943 254.758388 0.7 7966.2 64 2109.42636 214.241612 0.7 7966.2 64
165 574.752085 254.991745 0.7 7966.2 64 2068.23721 215.008255 0.7 7966.2 64
165.5 582.488667 255.230359 0.7 7966.2 64 2027.29633 215.769641 0.7 7966.2 64
166 590.603103 255.474445 0.7 7966.2 64 1986.62142 216.525555 0.7 7966.2 64
166.5 599.109765 255.724229 0.7 7966.2 64 1946.23062 217.275771 0.7 7966.2 64
167 608.023448 255.979941 0.7 7966.2 64 1906.14249 218.020059 0.7 7966.2 64
167.5 617.359357 256.241819 0.7 7966.2 64 1866.37603 218.758181 0.7 7966.2 64
168 627.133076 256.510107 0.7 7966.2 64 1826.95062 219.489893 0.7 7966.2 64
168.5 637.360539 256.785053 0.7 7966.2 64 1787.886 220.214947 0.7 7966.2 64
169 648.057992 257.066912 0.7 7966.2 64 1749.20223 220.933088 0.7 7966.2 64
169.5 659.241948 257.355941 0.7 7966.2 64 1710.91963 221.644059 0.7 7966.2 64
170 670.929131 257.652403 0.7 7966.2 64 1673.05877 222.347597 0.7 7966.2 64
170.5 683.13642 257.956562 0.7 7966.2 64 1635.64035 223.043438 0.7 7966.2 64
171 695.880775 258.268684 0.7 7966.2 64 1598.68517 223.731316 0.7 7966.2 64
171.5 709.179164 258.589038 0.7 7966.2 64 1562.21406 224.410962 0.7 7966.2 64
172 723.048473 258.917887 0.7 7966.2 64 1526.24774 225.082113 0.7 7966.2 64
172.5 737.505417 259.255498 0.7 7966.2 64 1490.8068 225.744502 0.7 7966.2 64
173 752.566432 259.602131 0.7 7966.2 64 1455.91154 226.397869 0.7 7966.2 64
173.5 768.247574 259.958041 0.7 7966.2 64 1421.58187 227.041959 0.7 7966.2 64
174 784.564399 260.323477 0.7 7966.2 64 1387.83724 227.676523 0.7 7966.2 64
174.5 801.531847 260.69868 0.7 7966.2 64 1354.69646 228.30132 0.7 7966.2 64
175 819.164116 261.08388 0.7 7966.2 64 1322.17761 228.91612 0.7 7966.2 64
175.5 837.47454 261.479295 0.7 7966.2 64 1290.29791 229.520705 0.7 7966.2 64
176 856.475463 261.885129 0.7 7966.2 64 1259.0736 230.114871 0.7 7966.2 64
176.5 876.178115 262.30157 0.7 7966.2 64 1228.51981 230.69843 0.7 7966.2 64
177 896.5925 262.72879 0.7 7966.2 64 1198.65042 231.27121 0.7 7966.2 64
177.5 917.727276 263.16694 0.7 7966.2 64 1169.47801 231.83306 0.7 7966.2 64
178 939.589659 263.616151 0.7 7966.2 64 1141.01367 232.383849 0.7 7966.2 64
178.5 962.185331 264.076533 0.7 7966.2 64 1113.26701 232.923467 0.7 7966.2 64
179 985.518361 264.548172 0.7 7966.2 64 1086.24599 233.451828 0.7 7966.2 64
179.5 1009.59114 265.03113 0.7 7966.2 64 1059.95691 233.96887 0.7 7966.2 64
180 1034.40435 265.525445 0.7 7966.2 64 1034.40435 234.474555 0.7 7966.2 64
180.5 1059.95691 266.03113 0.7 7966.2 64 1009.59114 234.96887 0.7 7966.2 64
181 1086.24599 266.548172 0.7 7966.2 64 985.518361 235.451828 0.7 7966.2 64
181.5 1113.26701 267.076533 0.7 7966.2 64 962.185331 235.923467 0.7 7966.2 64
182 1141.01367 267.616151 0.7 7966.2 64 939.589659 236.383849 0.7 7966.2 64
182.5 1169.47801 268.16694 0.7 7966.2 64 917.727276 236.83306 0.7 7966.2 64
183 1198.65042 268.72879 0.7 7966.2 64 896.5925 237.27121 0.7 7966.2 64
183.5 1228.51981 269.30157 0.7 7966.2 64 876.178115 237.69843 0.7 7966.2 64
184 1259.0736 269.885129 0.7 7966.2 64 856.475463 238.114871 0.7 7966.2 64
184.5 1290.29791 270.479295 0.7 7966.2 64 837.47454 238.520705 0.7 7966.2 64
185 1322.17761 271.08388 0.7 7966.2 64 819.164116 238.91612 0.7 7966.2 64
185.5 1354.69646 271.69868 0.7 7966.2 64 801.531847 239.30132 0.7 7966.2 64
186 1387.83724 272.323477 0.7 7966.2 64 784.564399 239.676523 0.7 7966.2 64
186.5 1421.58187 272.958041 0.7 7966.2 64 768.247574 240.041959 0.7 7966.2 64
187 1455.91154 273.602131 0.7 7966.2 64 752.566432 240.397869 0.7 7966.2 64
187.5 1490.8068 274.255498 0.7 7966.2 64 737.505417 240.744502 0.7 7966.2 64
188 1526.24774 274.917887 0.7 7966.2 64 723.048473 241.082113 0.7 7966.2 64
188.5 1562.21406 275.589038 0.7 7966.2 64 709.179164 241.410962 0.7 7966.2 64
189 1598.68517 276.268684 0.7 7966.2 64 695.880775 241.731316 0.7 7966.2 64
189.5 1635.64035 276.956562 0.7 7966.2 64 683.13642 242.043438 0.7 7966.2 64
190 1673.05877 277.652403 0.7 7966.2 64 670.929131 242.347597 0.7 7966.2 64
190.5 1710.91963 278.355941 0.7 7966.2 64 659.241948 242.644059 0.7 7966.2 64
191 1749.20223 279.066912 0.7 7966.2 64 648.057992 242.933088 0.7 7966.2 64
191.5 1787.886 279.785053 0.7 7966.2 64 637.360539 243.214947 0.7 7966.2 64
192 1826.95062 280.510107 0.7 7966.2 64 627.133076 243.489893 0.7 7966.2 64
192.5 1866.37603 281.241819 0.7 7966.2 64 617.359357 243.758181 0.7 7966.2 64
193 1906.14249 281.979941 0.7 7966.2 64 608.023448 244.020059 0.7 7966.2 64
193.5 1946.23062 282.724229 0.7 7966.2 64 599.109765 244.275771 0.7 7966.2 64
194 1986.62142 283.474445 0.7 7966.2 64 590.603103 244.525555 0.7 7966.2 64
194.5 2027.29633 284.230359 0.7 7966.2 64 582.488667 244.769641 0.7 7966.2 64
195 2068.23721 284.991745 0.7 7966.2 64 574.752085 245.008255 0.7 7966.2 64
195.5 2109.42636 285.758388 0.7 7966.2 64 567.37943 245.241612 0.7 7966.2 64
196 2150.84656 286.530075 0.7 7966.2 64 560.357222 245.469925 0.7 7966.2 64
196.5 2192.48106 287.306602 0.7 7966.2 64 553.672443 245.693398 0.7 7966.2 64
197 2234.31355 288.087775 0.7 7966.2 64 547.312532 245.912225 0.7 7966.2 64
197.5 2276.32824 288.873402 0.7 7966.2 64 541.265389 246.126598 0.7 7966.2 64
198 2318.50976 289.663301 0.7 7966.2 64 535.51937 246.336699 0.7 7966.2 64
198.5 2360.84323 290.457297 0.7 7966.2 64 530.063283 246.542703 0.7 7966.2 64
199 2403.31421 291.255221 0.7 7966.2 64 524.886379 246.744779 0.7 7966.2 64
199.5 2445.90873 292.056909 0.7 7966.2 64 519.978345 246.943091 0.7 7966.2 64
200 2488.61324 292.862207 0.7 7966.2 64 515.329295 247.137793 0.7 7966.2 64
200.5 2531.41461 293.670965 0.7 7966.2 64 510.929754 247.329035 0.7 7966.2 64
201 2574.30015 294.48304 0.7 7966.2 64 506.770652 247.51696 0.7 7966.2 64
201.5 2617.25756 295.298293 0.7 7966.2 64 502.843308 247.701707 0.7 7966.2 64
202 2660.27492 296.116593 0.7 7966.2 64 499.139418 247.883407 0.7 7966.2 64
202.5 2703.3407 296.937813 0.7 7966.2 64 495.651042 248.062187 0.7 7966.2 64
203 2746.44374 297.761834 0.7 7966.2 64 492.370592 248.238166 0.7 7966.2 64
203.5 2789.57322 298.588538 0.7 7966.2 64 489.290816 248.411462 0.7 7966.2 64
204 2832.71866 299.417815 0.7 7966.2 64 486.404788 248.582185 0.7 7966.2 64
204.5 2875.86993 300.249558 0.7 7966.2 64 483.705892 248.750442 0.7 7966.2 64
205 2919.01717 301.083666 0.7 7966.2 64 481.187811 248.916334 0.7 7966.2 64
205.5 2962.15086 301.920041 0.7 7966.2 64 478.844515 249.079959 0.7 7966.2 64
206 3005.26175 302.75859 0.7 7966.2 64 476.670247 249.24141 0.7 7966.2 64
206.5 3048.34087 303.599224 0.7 7966.2 64 474.659511 249.400776 0.7 7966.2 64
207 3091.37953 304.441856 0.7 7966.2 64 472.807064 249.558144 0.7 7966.2 64
207.5 3134.36929 305.286406 0.7 7966.2 64 471.107898 249.713594 0.7 7966.2 64
208 3177.30193 306.132794 0.7 7966.2 64 469.557238 249.867206 0.7 7966.2 64
208.5 3220.1695 306.980945 0.7 7966.2 64 468.150524 250.019055 0.7 7966.2 64
209 3262.96426 307.830788 0.7 7966.2 64 466.883405 250.169212 0.7 7966.2 64
209.5 3305.67869 308.682252 0.7 7966.2 64 465.751727 250.317748 0.7 7966.2 64
210 3348.30547 309.535272 0.7 7966.2 64 464.751528 250.464728 0.7 7966.2 64
210.5 3390.83748 310.389784 0.7 7966.2 64 463.879023 250.610216 0.7 7966.2 64
211 3433.2678 311.245728 0.7 7966.2 64 463.130601 250.754272 0.7 7966.2 64
211.5 3475.58967 312.103044 0.7 7966.2 64 462.502816 250.896956 0.7 7966.2 64
212 3517.79654 312.961676 0.7 7966.2 64 461.992375 251.038324 0.7 7966.2 64
212.5 3559.88201 313.821572 0.7 7966.2 64 461.596137 251.178428 0.7 7966.2 64
213 3601.83982 314.682678 0.7 7966.2 64 461.311101 251.317322 0.7 7966.2 64
213.5 3643.66389 315.544945 0.7 7966.2 64 461.134402 251.455055 0.7 7966.2 64
214 3685.34829 316.408325 0.7 7966.2 64 461.063304 251.591675 0.7 7966.2 64
214.5 3726.88723 317.272773 0.7 7966.2 64 461.095193 251.727227 0.7 7966.2 64
215 3768.27504 318.138244 0.7 7966.2 64 461.227573 251.861756 0.7 7966.2 64
215.5 3809.5062 319.004695 0.7 7966.2 64 461.458059 251.995305 0.7 7966.2 64
216 3850.57532 319.872086 0.7 7966.2 64 461.784373 252.127914 0.7 7966.2 64
216.5 3891.47711 320.740378 0.7 7966.2 64 462.204338 252.259622 0.7 7966.2 64
217 3932.20643 321.609531 0.7 7966.2 64 462.715875 252.390469 0.7 7966.2 64
217.5 3972.75822 322.47951 0.7 7966.2 64 463.316995 252.52049 0.7 7966.2 64
218 4013.12755 323.35028 0.7 7966.2 64 464.005799 252.64972 0.7 7966.2 64
218.5 4053.3096 324.221806 0.7 7966.2 64 464.780471 252.778194 0.7 7966.2 64
219 4093.29963 325.094055 0.7 7966.2 64 465.639277 252.905945 0.7 7966.2 64
219.5 4133.09303 325.966997 0.7 7966.2 64 466.580557 253.033003 0.7 7966.2 64
220 4172.68525 326.840599 0.7 7966.2 64 467.602725 253.159401 0.7 7966.2 64
220.5 4212.07186 327.714834 0.7 7966.2 64 468.704266 253.285166 0.7 7966.2 64
221 4251.24851 328.589671 0.7 7966.2 64 469.883731 253.410329 0.7 7966.2 64
221.5 4290.21093 329.465084 0.7 7966.2 64 471.139733 253.534916 0.7 7966.2 64
222 4328.95495 330.341046 0.7 7966.2 64 472.470949 253.658954 0.7 7966.2 64
222.5 4367.47646 331.21753 0.7 7966.2 64 473.876112 253.78247 0.7 7966.2 64
223 4405.77146 332.094513 0.7 7966.2 64 475.354011 253.905487 0.7 7966.2 64
223.5 4443.83598 332.971969 0.7 7966.2 64 476.903489 254.028031 0.7 7966.2 64
224 4481.66618 333.849875 0.7 7966.2 64 478.523439 254.150125 0.7 7966.2 64
224.5 4519.25825 334.728208 0.7 7966.2 64 480.212803 254.271792 0.7 7966.2 64
225 4556.60847 335.606946 0.7 7966.2 64 481.970571 254.393054 0.7 7966.2 64
225.5 4593.71319 336.486068 0.7 7966.2 64 483.795776 254.513932 0.7 7966.2 64
226 4630.56883 337.365553 0.7 7966.2 64 485.687495 254.634447 0.7 7966.2 64
226.5 4667.17185 338.24538 0.7 7966.2 64 487.644844 254.75462 0.7 7966.2 64
227 4703.51881 339.125531 0.7 7966.2 64 489.666982 254.874469 0.7 7966.2 64
227.5 4739.60632 340.005984 0.7 7966.2 64 491.753102 254.994016 0.7 7966.2 64
228 4775.43104 340.886723 0.7 7966.2 64 493.902435 255.113277 0.7 7966.2 64
228.5 4810.98969 341.767729 0.7 7966.2 64 496.114246 255.232271 0.7 7966.2 64
229 4846.27908 342.648984 0.7 7966.2 64 498.387835 255.351016 0.7 7966.2 64
229.5 4881.29604 343.530471 0.7 7966.2 64 500.722532 255.469529 0.7 7966.2 64
230 4916.03748 344.412173 0.7 7966.2 64 503.1177 255.587827 0.7 7966.2 64
230.5 4950.50035 345.294074 0.7 7966.2 64 505.572728 255.705926 0.7 7966.2 64
231 4984.68167 346.176157 0.7 7966.2 64 508.087036 255.823843 0.7 7966.2 64
231.5 5018.57851 347.058408 0.7 7966.2 64 510.660072 255.941592 0.7 7966.2 64
232 5052.18799 347.940811 0.7 7966.2 64 513.291308 256.059189 0.7 7966.2 64
232.5 5085.50727 348.823351 0.7 7966.2 64 515.980243 256.176649 0.7 7966.2 64
233 5118.53359 349.706013 0.7 7966.2 64 518.7264 256.293987 0.7 7966.2 64
233.5 5151.26422 350.588784 0.7 7966.2 64 521.529324 256.411216 0.7 7966.2 64
234 5183.69648 351.471649 0.7 7966.2 64 524.388585 256.528351 0.7 7966.2 64
234.5 5215.82775 352.354594 0.7 7966.2 64 527.303774 256.645406 0.7 7966.2 64
235 5247.65544 353.237607 0.7 7966.2 64 530.274501 256.762393 0.7 7966.2 64
235.5 5279.17704 354.120674 0.7 7966.2 64 533.300398 256.879326 0.7 7966.2 64
236 5310.39005 355.003782 0.7 7966.2 64 536.381118 256.996218 0.7 7966.2 64
236.5 5341.29205 355.886918 0.7 7966.2 64 539.516331 257.113082 0.7 7966.2 64
237 5371.88064 356.77007 0.7 7966.2 64 542.705724 257.22993 0.7 7966.2 64
237.5 5402.15348 357.653226 0.7 7966.2 64 545.949005 257.346774 0.7 7966.2 64
238 5432.10827 358.536374 0.7 7966.2 64 549.245897 257.463626 0.7 7966.2 64
238.5 5461.74277 359.419502 0.7 7966.2 64 552.596139 257.580498 0.7 7966.2 64
239 5491.05477 0.302598129 0.7 7966.2 64 555.999488 257.697402 0.7 7966.2 64
239.5 5520.0421 1.18565133 0.7 7966.2 64 559.455715 257.814349 0.7 7966.2 64
240 5548.70264 2.06865019 0.7 7966.2 64 562.964606 257.93135 0.7 7966.2 64
240.5 5577.03432 2.95158361 0.7 7966.2 64 566.525962 258.048416 0.7 7966.2 64
241 5605.03512 3.83444061 0.7 7966.2 64 570.139598 258.165559 0.7 7966.2 64
241.5 5632.70303 4.7172104 0.7 7966.2 64 573.805342 258.28279 0.7 7966.2 64
242 5660.03612 5.5998823 0.7 7966.2 64 577.523037 258.400118 0.7 7966.2 64
242.5 5687.03248 6.48244577 0.7 7966.2 64 581.292537 258.517554 0.7 7966.2 64
243 5713.69025 7.36489041 0.7 7966.2 64 585.113711 258.63511 0.7 7966.2 64
243.5 5740.00762 8.24720592 0.7 7966.2 64 588.986436 258.752794 0.7 7966.2 64
244 5765.9828 9.12938211 0.7 7966.2 64 592.910606 258.870618 0.7 7966.2 64
244.5 5791.61406 10.0114089 0.7 7966.2 64 596.886122 258.988591 0.7 7966.2 64
245 5816.89971 10.8932764 0.7 7966.2 64 600.9129 259.106724 0.7 7966.2 64
245.5 5841.83809 11.7749746 0.7 7966.2 64 604.990864 259.225025 0.7 7966.2 64
246 5866.4276 12.6564938 0.7 7966.2 64 609.11995 259.343506 0.7 7966.2 64
246.5 5890.66666 13.5378242 0.7 7966.2 64 613.300106 259.462176 0.7 7966.2 64
247 5914.55374 14.4189563 0.7 7966.2 64 617.531286 259.581044 0.7 7966.2 64
247.5 5938.08736 15.2998805 0.7 7966.2 64 621.813459 259.700119 0.7 7966.2 64
248 5961.26607 16.1805874 0.7 7966.2 64 626.1466 259.819413 0.7 7966.2 64
248.5 5984.08846 17.0610674 0.7 7966.2 64 630.530695 259.938933 0.7 7966.2 64
249 6006.55316 17.9413112 0.7 7966.2 64 634.965739 260.058689 0.7 7966.2 64
249.5 6028.65884 18.8213096 0.7 7966.2 64 639.451737 260.17869 0.7 7966.2 64
250 6050.40422 19.7010533 0.7 7966.2 64 643.988701 260.298947 0.7 7966.2 64
250.5 6071.78805 20.5805331 0.7 7966.2 64 648.576654 260.419467 0.7 7966.2 64
251 6092.80913 21.4597397 0.7 7966.2 64 653.215626 260.54026 0.7 7966.2 64
251.5 6113.46628 22.3386642 0.7 7966.2 64 657.905657 260.661336 0.7 7966.2 64
252 6133.75838 23.2172975 0.7 7966.2 64 662.646792 260.782703 0.7 7966.2 64
252.5 6153.68434 24.0956304 0.7 7966.2 64 667.439089 260.90437 0.7 7966.2 64
253 6173.24312 24.9736539 0.7 7966.2 64 672.28261 261.026346 0.7 7966.2 64
253.5 6192.4337 25.8513591 0.7 7966.2 64 677.177427 261.148641 0.7 7966.2 64
254 6211.25511 26.7287369 0.7 7966.2 64 682.123619 261.271263 0.7 7966.2 64
254.5 6229.70643 27.6057785 0.7 7966.2 64 687.121272 261.394222 0.7 7966.2 64
255 6247.78677 28.4824748 0.7 7966.2 64 692.170481 261.517525 0.7 7966.2 64
255.5 6265.49527 29.3588169 0.7 7966.2 64 697.271347 261.641183 0.7 7966.2 64
256 6282.83113 30.2347959 0.7 7966.2 64 702.42398 261.765204 0.7 7966.2 64
256.5 6299.79358 31.110403 0.7 7966.2 64 707.628496 261.889597 0.7 7966.2 64
257 6316.38187 31.985629 0.7 7966.2 64 712.885018 262.014371 0.7 7966.2 64
257.5 6332.59532 32.8604652 0.7 7966.2 64 718.193676 262.139535 0.7 7966.2 64
258 6348.43328 33.7349027 0.7 7966.2 64 723.554609 262.265097 0.7 7966.2 64
258.5 6363.89513 34.6089324 0.7 7966.2 64 728.967961 262.391068 0.7 7966.2 64
259 6378.98029 35.4825454 0.7 7966.2 64 734.433882 262.517455 0.7 7966.2 64
259.5 6393.68824 36.3557329 0.7 7966.2 64 739.952531 262.644267 0.7 7966.2 64
260 6408.01846 37.2284858 0.7 7966.2 64 745.524073 262.771514 0.7 7966.2 64
260.5 6421.97051 38.1007952 0.7 7966.2 64 751.148679 262.899205 0.7 7966.2 64
261 6435.54397 38.972652 0.7 7966.2 64 756.826528 263.027348 0.7 7966.2 64
261.5 6448.73845 39.8440473 0.7 7966.2 64 762.557803 263.155953 0.7 7966.2 64
262 6461.55362 40.7149719 0.7 7966.2 64 768.342696 263.285028 0.7 7966.2 64
262.5 6473.98918 41.5854169 0.7 7966.2 64 774.181405 263.414583 0.7 7966.2 64
263 6486.04486 42.4553731 0.7 7966.2 64 780.074133 263.544627 0.7 7966.2 64
263.5 6497.72045 43.3248313 0.7 7966.2 64 786.021092 263.675169 0.7 7966.2 64
264 6509.01575 44.1937825 0.7 7966.2 64 792.022498 263.806217 0.7 7966.2 64
264.5 6519.93063 45.0622174 0.7 7966.2 64 798.078574 263.937783 0.7 7966.2 64
265 6530.46498 45.9301268 0.7 7966.2 64 804.18955 264.069873 0.7 7966.2 64
265.5 6540.61873 46.7975013 0.7 7966.2 64 810.355661 264.202499 0.7 7966.2 64
266 6550.39186 47.6643318 0.7 7966.2 64 816.57715 264.335668 0.7 7966.2 64
266.5 6559.78438 48.5306087 0.7 7966.2 64 822.854265 264.469391 0.7 7966.2 64
267 6568.79634 49.3963227 0.7 7966.2 64 829.187261 264.603677 0.7 7966.2 64
267.5 6577.42782 50.2614643 0.7 7966.2 64 835.576398 264.738536 0.7 7966.2 64
268 6585.67897 51.1260241 0.7 7966.2 64 842.021944 264.873976 0.7 7966.2 64
268.5 6593.54995 51.9899923 0.7 7966.2 64 848.524171 265.010008 0.7 7966.2 64
269 6601.04096 52.8533595 0.7 7966.2 64 855.083358 265.14664 0.7 7966.2 64
269.5 6608.15225 53.7161159 0.7 7966.2 64 861.699793 265.283884 0.7 7966.2 64
270 6614.88412 54.5782518 0.7 7966.2 64 868.373765 265.421748 0.7 7966.2 64
270.5 6621.23687 55.4397575 0.7 7966.2 64 875.105573 265.560243 0.7 7966.2 64
271 6627.21088 56.3006229 0.7 7966.2 64 881.895521 265.699377 0.7 7966.2 64
271.5 6632.80655 57.1608382 0.7 7966.2 64 888.74392 265.839162 0.7 7966.2 64
272 6638.02433 58.0203935 0.7 7966.2 64 895.651084 265.979607 0.7 7966.2 64
272.5 6642.86468 58.8792786 0.7 7966.2 64 902.617338 266.120721 0.7 7966.2 64
273 6647.32814 59.7374834 0.7 7966.2 64 909.643009 266.262517 0.7 7966.2 64
273.5 6651.41526 60.5949977 0.7 7966.2 64 916.728433 266.405002 0.7 7966.2 64
274 6655.12664 61.4518112 0.7 7966.2 64 923.87395 266.548189 0.7 7966.2 64
274.5 6658.46291 62.3079136 0.7 7966.2 64 931.079908 266.692086 0.7 7966.2 64
275 6661.42475 63.1632944 0.7 7966.2 64 938.34666 266.836706 0.7 7966.2 64
275.5 6664.01289 64.0179432 0.7 7966.2 64 945.674565 266.982057 0.7 7966.2 64
276 6666.22805 64.8718493 0.7 7966.2 64 953.063989 267.128151 0.7 7966.2 64
276.5 6668.07106 65.725002 0.7 7966.2 64 960.515305 267.274998 0.7 7966.2 64
277 6669.54272 66.5773906 0.7 7966.2 64 968.028889 267.422609 0.7 7966.2 64
277.5 6670.64392 67.4290043 0.7 7966.2 64 975.605128 267.570996 0.7 7966.2 64
278 6671.37556 68.279832 0.7 7966.2 64 983.24441 267.720168 0.7 7966.2 64
278.5 6671.73858 69.1298628 0.7 7966.2 64 990.947133 267.870137 0.7 7966.2 64
279 6671.73399 69.9790856 0.7 7966.2 64 998.7137 268.020914 0.7 7966.2 64
279.5 6671.36279 70.8274891 0.7 7966.2 64 1006.54452 268.172511 0.7 7966.2 64
280 6670.62605 71.675062 0.7 7966.2 64 1014.44001 268.324938 0.7 7966.2 64
280.5 6669.52488 72.5217929 0.7 7966.2 64 1022.40059 268.478207 0.7 7966.2 64
281 6668.06042 73.3676704 0.7 7966.2 64 1030.42669 268.63233 0.7 7966.2 64
281.5 6666.23384 74.2126828 0.7 7966.2 64 1038.51874 268.787317 0.7 7966.2 64
282 6664.04637 75.0568184 0.7 7966.2 64 1046.67719 268.943182 0.7 7966.2 64
282.5 6661.49925 75.9000654 0.7 7966.2 64 1054.90248 269.099935 0.7 7966.2 64
283 6658.59379 76.7424119 0.7 7966.2 64 1063.19506 269.257588 0.7 7966.2 64
283.5 6655.33131 77.5838459 0.7 7966.2 64 1071.5554 269.416154 0.7 7966.2 64
284 6651.71319 78.4243552 0.7 7966.2 64 1079.98395 269.575645 0.7 7966.2 64
284.5 6647.74083 79.2639276 0.7 7966.2 64 1088.4812 269.736072 0.7 7966.2 64
285 6643.41569 80.1025509 0.7 7966.2 64 1097.04763 269.897449 0.7 7966.2 64
285.5 6638.73924 80.9402124 0.7 7966.2 64 1105.6837 270.059788 0.7 7966.2 64
286 6633.71301 81.7768996 0.7 7966.2 64 1114.38993 270.2231 0.7 7966.2 64
286.5 6628.33857 82.6125999 0.7 7966.2 64 1123.1668 270.3874 0.7 7966.2 64
287 6622.6175 83.4473005 0.7 7966.2 64 1132.01482 270.552699 0.7 7966.2 64
287.5 6616.55146 84.2809884 0.7 7966.2 64 1140.93451 270.719012 0.7 7966.2 64
288 6610.1421 85.1136506 0.7 7966.2 64 1149.92637 270.886349 0.7 7966.2 64
288.5 6603.39114 85.9452739 0.7 7966.2 64 1158.99093 271.054726 0.7 7966.2 64
289 6596.30034 86.775845 0.7 7966.2 64 1168.12872 271.224155 0.7 7966.2 64
289.5 6588.87147 87.6053506 0.7 7966.2 64 1177.34028 271.394649 0.7 7966.2 64
290 6581.10637 88.4337771 0.7 7966.2 64 1186.62614 271.566223 0.7 7966.2 64
290.5 6573.00688 89.2611109 0.7 7966.2 64 1195.98686 271.738889 0.7 7966.2 64
291 6564.57492 90.0873381 0.7 7966.2 64 1205.423 271.912662 0.7 7966.2 64
291.5 6555.81241 90.9124449 0.7 7966.2 64 1214.9351 272.087555 0.7 7966.2 64
292 6546.72132 91.7364172 0.7 7966.2 64 1224.52375 272.263583 0.7 7966.2 64
292.5 6537.30367 92.5592408 0.7 7966.2 64 1234.18951 272.440759 0.7 7966.2 64
293 6527.56149 93.3809015 0.7 7966.2 64 1243.93296 272.619099 0.7 7966.2 64
293.5 6517.49688 94.2013848 0.7 7966.2 64 1253.75469 272.798615 0.7 7966.2 64
294 6507.11194 95.0206762 0.7 7966.2 64 1263.6553 272.979324 0.7 7966.2 64
294.5 6496.40882 95.8387608 0.7 7966.2 64 1273.63537 273.161239 0.7 7966.2 64
295 6485.38973 96.6556241 0.7 7966.2 64 1283.69552 273.344376 0.7 7966.2 64
295.5 6474.05687 97.4712508 0.7 7966.2 64 1293.83635 273.528749 0.7 7966.2 64
296 6462.41252 98.285626 0.7 7966.2 64 1304.05848 273.714374 0.7 7966.2 64
296.5 6450.45897 99.0987343 0.7 7966.2 64 1314.36253 273.901266 0.7 7966.2 64
297 6438.19854 99.9105604 0.7 7966.2 64 1324.74914 274.08944 0.7 7966.2 64
297.5 6425.63361 100.721089 0.7 7966.2 64 1335.21893 274.278911 0.7 7966.2 64
298 6412.76657 101.530304 0.7 7966.2 64 1345.77255 274.469696 0.7 7966.2 64
298.5 6399.59987 102.33819 0.7 7966.2 64 1356.41063 274.66181 0.7 7966.2 64
299 6386.13596 103.14473 0.7 7966.2 64 1367.13384 274.85527 0.7 7966.2 64
299.5 6372.37736 103.94991 0.7 7966.2 64 1377.94282 275.05009 0.7 7966.2 64
300 6358.32661 104.753712 0.7 7966.2 64 1388.83825 275.246288 0.7 7966.2 64
300.5 6343.98626 105.55612 0.7 7966.2 64 1399.82078 275.44388 0.7 7966.2 64
301 6329.35894 106.357118 0.7 7966.2 64 1410.89109 275.642882 0.7 7966.2 64
301.5 6314.44728 107.156689 0.7 7966.2 64 1422.04986 275.843311 0.7 7966.2 64
302 6299.25394 107.954816 0.7 7966.2 64 1433.29777 276.045184 0.7 7966.2 64
302.5 6283.78164 108.751482 0.7 7966.2 64 1444.63551 276.248518 0.7 7966.2 64
303 6268.03312 109.546671 0.7 7966.2 64 1456.06378 276.453329 0.7 7966.2 64
303.5 6252.01113 110.340364 0.7 7966.2 64 1467.58326 276.659636 0.7 7966.2 64
304 6235.71849 111.132545 0.7 7966.2 64 1479.19466 276.867455 0.7 7966.2 64
304.5 6219.15802 111.923197 0.7 7966.2 64 1490.89869 277.076803 0.7 7966.2 64
305 6202.33259 112.7123 0.7 7966.2 64 1502.69607 277.2877 0.7 7966.2 64
305.5 6185.24509 113.499839 0.7 7966.2 64 1514.58749 277.500161 0.7 7966.2 64
306 6167.89845 114.285794 0.7 7966.2 64 1526.57369 277.714206 0.7 7966.2 64
306.5 6150.29564 115.070148 0.7 7966.2 64 1538.65539 277.929852 0.7 7966.2 64
307 6132.43962 115.852882 0.7 7966.2 64 1550.8333 278.147118 0.7 7966.2 64
307.5 6114.33342 116.633979 0.7 7966.2 64 1563.10818 278.366021 0.7 7966.2 64
308 6095.98009 117.413419 0.7 7966.2 64 1575.48073 278.586581 0.7 7966.2 64
308.5 6077.38269 118.191184 0.7 7966.2 64 1587.95172 278.808816 0.7 7966.2 64
309 6058.54434 118.967255 0.7 7966.2 64 1600.52186 279.032745 0.7 7966.2 64
309.5 6039.46816 119.741614 0.7 7966.2 64 1613.19191 279.258386 0.7 7966.2 64
310 6020.15731 120.514242 0.7 7966.2 64 1625.9626 279.485758 0.7 7966.2 64
310.5 6000.61497 121.285118 0.7 7966.2 64 1638.83469 279.714882 0.7 7966.2 64
311 5980.84436 122.054225 0.7 7966.2 64 1651.80893 279.945775 0.7 7966.2 64
311.5 5960.84873 122.821542 0.7 7966.2 64 1664.88606 280.178458 0.7 7966.2 64
312 5940.63133 123.587051 0.7 7966.2 64 1678.06683 280.412949 0.7 7966.2 64
312.5 5920.19545 124.350731 0.7 7966.2 64 1691.352 280.649269 0.7 7966.2 64
313 5899.54441 125.112562 0.7 7966.2 64 1704.74233 280.887438 0.7 7966.2 64
313.5 5878.68156 125.872525 0.7 7966.2 64 1718.23855 281.127475 0.7 7966.2 64
314 5857.61025 126.630601 0.7 7966.2 64 1731.84144 281.369399 0.7 7966.2 64
314.5 5836.33387 127.386767 0.7 7966.2 64 1745.55174 281.613233 0.7 7966.2 64
315 5814.85584 128.141006 0.7 7966.2 64 1759.37021 281.858994 0.7 7966.2 64
315.5 5793.17958 128.893295 0.7 7966.2 64 1773.2976 282.106705 0.7 7966.2 64
316 5771.30856 129.643616 0.7 7966.2 64 1787.33466 282.356384 0.7 7966.2 64
316.5 5749.24625 130.391946 0.7 7966.2 64 1801.48214 282.608054 0.7 7966.2 64
317 5726.99615 131.138266 0.7 7966.2 64 1815.7408 282.861734 0.7 7966.2 64
317.5 5704.56177 131.882556 0.7 7966.2 64 1830.11137 283.117444 0.7 7966.2 64
318 5681.94665 132.624793 0.7 7966.2 64 1844.5946 283.375207 0.7 7966.2 64
318.5 5659.15434 133.364957 0.7 7966.2 64 1859.19122 283.635043 0.7 7966.2 64
319 5636.18843 134.103028 0.7 7966.2 64 1873.90199 283.896972 0.7 7966.2 64
319.5 5613.0525 134.838984 0.7 7966.2 64 1888.72762 284.161016 0.7 7966.2 64
320 5589.75016 135.572804 0.7 7966.2 64 1903.66885 284.427196 0.7 7966.2 64
320.5 5566.28503 136.304467 0.7 7966.2 64 1918.7264 284.695533 0.7 7966.2 64
321 5542.66076 137.033951 0.7 7966.2 64 1933.90098 284.966049 0.7 7966.2 64
321.5 5518.881 137.761236 0.7 7966.2 64 1949.19332 285.238764 0.7 7966.2 64
322 5494.94942 138.486301 0.7 7966.2 64 1964.6041 285.513699 0.7 7966.2 64
322.5 5470.86969 139.209122 0.7 7966.2 64 1980.13404 285.790878 0.7 7966.2 64
323 5446.64552 139.92968 0.7 7966.2 64 1995.78382 286.07032 0.7 7966.2 64
323.5 5422.28061 140.647953 0.7 7966.2 64 2011.55413 286.352047 0.7 7966.2 64
324 5397.77868 141.363919 0.7 7966.2 64 2027.44563 286.636081 0.7 7966.2 64
324.5 5373.14345 142.077557 0.7 7966.2 64 2043.459 286.922443 0.7 7966.2 64
325 5348.37866 142.788845 0.7 7966.2 64 2059.59488 287.211155 0.7 7966.2 64
325.5 5323.48806 143.497761 0.7 7966.2 64 2075.85392 287.502239 0.7 7966.2 64
326 5298.4754 144.204285 0.7 7966.2 64 2092.23676 287.795715 0.7 7966.2 64
326.5 5273.34443 144.908394 0.7 7966.2 64 2108.74401 288.091606 0.7 7966.2 64
327 5248.09893 145.610068 0.7 7966.2 64 2125.37629 288.389932 0.7 7966.2 64
327.5 5222.74266 146.309284 0.7 7966.2 64 2142.13419 288.690716 0.7 7966.2 64
328 5197.2794 147.006021 0.7 7966.2 64 2159.0183 288.993979 0.7 7966.2 64
328.5 5171.71292 147.700257 0.7 7966.2 64 2176.02917 289.299743 0.7 7966.2 64
329 5146.047 148.391972 0.7 7966.2 64 2193.16737 289.608028 0.7 7966.2 64
329.5 5120.28543 149.081144 0.7 7966.2 64 2210.43343 289.918856 0.7 7966.2 64
330 5094.43198 149.767751 0.7 7966.2 64 2227.82787 290.232249 0.7 7966.2 64
330.5 5068.49043 150.451773 0.7 7966.2 64 2245.35119 290.548227 0.7 7966.2 64
331 5042.46457 151.133188 0.7 7966.2 64 2263.00389 290.866812 0.7 7966.2 64
331.5 5016.35816 151.811974 0.7 7966.2 64 2280.78642 291.188026 0.7 7966.2 64
332 4990.17499 152.488113 0.7 7966.2 64 2298.69923 291.511887 0.7 7966.2 64
332.5 4963.91881 153.161581 0.7 7966.2 64 2316.74276 291.838419 0.7 7966.2 64
333 4937.59339 153.832359 0.7 7966.2 64 2334.9174 292.167641 0.7 7966.2 64
333.5 4911.20248 154.500426 0.7 7966.2 64 2353.22354 292.499574 0.7 7966.2 64
334 4884.74983 155.165761 0.7 7966.2 64 2371.66154 292.834239 0.7 7966.2 64
334.5 4858.23917 155.828344 0.7 7966.2 64 2390.23174 293.171656 0.7 7966.2 64
335 4831.67425 156.488155 0.7 7966.2 64 2408.93445 293.511845 0.7 7966.2 64
335.5 4805.05876 157.145174 0.7 7966.2 64 2427.76996 293.854826 0.7 7966.2 64
336 4778.39641 157.79938 0.7 7966.2 64 2446.73853 294.20062 0.7 7966.2 64
336.5 4751.69091 158.450755 0.7 7966.2 64 2465.84041 294.549245 0.7 7966.2 64
337 4724.94591 159.099278 0.7 7966.2 64 2485.07579 294.900722 0.7 7966.2 64
337.5 4698.1651 159.744931 0.7 7966.2 64 2504.44485 295.255069 0.7 7966.2 64
338 4671.3521 160.387694 0.7 7966.2 64 2523.94776 295.612306 0.7 7966.2 64
338.5 4644.51055 161.027548 0.7 7966.2 64 2543.58462 295.972452 0.7 7966.2 64
339 4617.64405 161.664476 0.7 7966.2 64 2563.35553 296.335524 0.7 7966.2 64
339.5 4590.7562 162.298457 0.7 7966.2 64 2583.26054 296.701543 0.7 7966.2 64
340 4563.85057 162.929474 0.7 7966.2 64 2603.29969 297.070526 0.7 7966.2 64
340.5 4536.93069 163.55751 0.7 7966.2 64 2623.47296 297.44249 0.7 7966.2 64
341 4510.00009 164.182547 0.7 7966.2 64 2643.78032 297.817453 0.7 7966.2 64
341.5 4483.06228 164.804566 0.7 7966.2 64 2664.22167 298.195434 0.7 7966.2 64
342 4456.12072 165.423552 0.7 7966.2 64 2684.79692 298.576448 0.7 7966.2 64
342.5 4429.17886 166.039488 0.7 7966.2 64 2705.50591 298.960512 0.7 7966.2 64
343 4402.24012 166.652357 0.7 7966.2 64 2726.34845 299.347643 0.7 7966.2 64
343.5 4375.3079 167.262142 0.7 7966.2 64 2747.32433 299.737858 0.7 7966.2 64
344 4348.38555 167.868829 0.7 7966.2 64 2768.43327 300.131171 0.7 7966.2 64
344.5 4321.4764 168.472402 0.7 7966.2 64 2789.67497 300.527598 0.7 7966.2 64
345 4294.58376 169.072846 0.7 7966.2 64 2811.04908 300.927154 0.7 7966.2 64
345.5 4267.7109 169.670145 0.7 7966.2 64 2832.55522 301.329855 0.7 7966.2 64
346 4240.86104 170.264287 0.7 7966.2 64 2854.19297 301.735713 0.7 7966.2 64
346.5 4214.03738 170.855256 0.7 7966.2 64 2875.96185 302.144744 0.7 7966.2 64
347 4187.24309 171.44304 0.7 7966.2 64 2897.86134 302.55696 0.7 7966.2 64
347.5 4160.4813 172.027625 0.7 7966.2 64 2919.89089 302.972375 0.7 7966.2 64
348 4133.75509 172.608998 0.7 7966.2 64 2942.0499 303.391002 0.7 7966.2 64
348.5 4107.06751 173.187147 0.7 7966.2 64 2964.33771 303.812853 0.7 7966.2 64
349 4080.42158 173.762061 0.7 7966.2 64 2986.75363 304.237939 0.7 7966.2 64
349.5 4053.82026 174.333728 0.7 7966.2 64 3009.29692 304.666272 0.7 7966.2 64
350 4027.26649 174.902136 0.7 7966.2 64 3031.96678 305.097864 0.7 7966.2 64
350.5 4000.76315 175.467276 0.7 7966.2 64 3054.7624 305.532724 0.7 7966.2 64
351 3974.3131 176.029137 0.7 7966.2 64 3077.68287 305.970863 0.7 7966.2 64
351.5 3947.91912 176.58771 0.7 7966.2 64 3100.72726 306.41229 0.7 7966.2 64
352 3921.58398 177.142985 0.7 7966.2 64 3123.89459 306.857015 0.7 7966.2 64
352.5 3895.31039 177.694954 0.7 7966.2 64 3147.18383 307.305046 0.7 7966.2 64
353 3869.10103 178.243609 0.7 7966.2 64 3170.5939 307.756391 0.7 7966.2 64
353.5 3842.9585 178.788942 0.7 7966.2 64 3194.12365 308.211058 0.7 7966.2 64
354 3816.88538 179.330947 0.7 7966.2 64 3217.77191 308.669053 0.7 7966.2 64
354.5 3790.8842 179.869615 0.7 7966.2 64 3241.53744 309.130385 0.7 7966.2 64
355 3764.95743 180.404942 0.7 7966.2 64 3265.41894 309.595058 0.7 7966.2 64
355.5 3739.10751 180.936921 0.7 7966.2 64 3289.41509 310.063079 0.7 7966.2 64
356 3713.33681 181.465548 0.7 7966.2 64 3313.52448 310.534452 0.7 7966.2 64
356.5 3687.64766 181.990817 0.7 7966.2 64 3337.74568 311.009183 0.7 7966.2 64
357 3662.04235 182.512726 0.7 7966.2 64 3362.07718 311.487274 0.7 7966.2 64
357.5 3636.5231 183.03127 0.7 7966.2 64 3386.51744 311.96873 0.7 7966.2 64
358 3611.09208 183.546446 0.7 7966.2 64 3411.06485 312.453554 0.7 7966.2 64
358.5 3585.75143 184.058253 0.7 7966.2 64 3435.71777 312.941747 0.7 7966.2 64
359 3560.50323 184.566687 0.7 7966.2 64 3460.47448 313.433313 0.7 7966.2 64
359.5 3535.34948 185.071749 0.7 7966.2 64 3485.33322 313.928251 0.7 7966.2 64
